x,y,residential_floor_area,TOT_P_2021
0,7,329,0.44
0,8,1149,12.25
0,9,471,5.02
0,10,268,2.86
0,11,142,1.51
0,13,694,7.4
0,14,1278,13.63
0,15,1221,13.02
0,16,84,0.9
0,17,1285,13.7
0,18,703,18.08
0,19,1209,31.09
0,20,706,18.15
0,21,514,13.22
0,22,1021,26.26
0,23,662,17.02
0,24,579,14.89
0,25,42,1.08
0,42,398,0.59
0,43,126,0.19
0,54,84,1.24
0,55,15,0.22
0,56,318,4.71
0,65,49,0.55
0,66,1045,11.77
0,67,481,5.42
0,68,371,6.38
0,74,209,3.6
0,75,892,15.35
0,76,1149,19.77
0,77,665,11.44
0,78,1153,20.04
0,79,1200,20.86
0,80,892,15.51
0,81,557,9.68
0,84,198,3.44
0,85,310,5.39
0,87,224,3.89
0,88,301,3.64
0,89,283,3.42
0,90,747,9.04
0,91,387,4.68
0,94,26,0.31
0,101,274,1.92
0,103,78,0.55
0,104,758,5.3
0,105,282,1.97
0,106,92,0.64
0,109,459,9.05
0,110,409,8.06
0,111,747,14.72
0,112,109,2.15
0,113,971,19.13
0,114,533,10.5
0,115,1590,31.33
0,116,602,11.86
0,117,583,11.49
0,124,88,3.22
0,125,631,23.06
1,6,126,0.17
1,7,208,0.28
1,8,1656,17.66
1,9,335,3.57
1,10,513,5.47
1,11,932,9.94
1,12,239,2.55
1,13,288,3.07
1,14,42,0.45
1,15,605,6.45
1,16,188,2
1,17,1618,17.25
1,18,1575,40.5
1,19,760,19.54
1,20,247,6.35
1,21,1220,31.37
1,22,880,22.63
1,23,2054,52.82
1,24,1263,32.48
1,25,520,13.37
1,42,2,0
1,43,105,0.15
1,51,228,3.37
1,53,301,4.45
1,55,551,8.15
1,56,249,3.69
1,60,20,0.23
1,65,1045,11.77
1,66,273,3.07
1,67,274,3.09
1,68,378,6.5
1,73,35,0.6
1,74,64,1.1
1,75,776,13.35
1,76,678,11.67
1,77,1289,22.18
1,78,1803,31.35
1,79,1798,31.26
1,80,2500,43.46
1,81,1108,19.26
1,82,262,4.55
1,83,153,2.66
1,84,172,2.99
1,85,225,3.91
1,86,208,3.62
1,87,135,2.35
1,88,185,2.24
1,89,5,0.06
1,90,345,4.17
1,93,10,0.12
1,94,269,3.26
1,95,189,2.29
1,97,40,0.48
1,99,283,1.98
1,100,12,0.08
1,101,128,0.9
1,102,73,0.51
1,103,72,0.5
1,104,175,1.22
1,105,113,0.79
1,107,246,1.72
1,108,424,8.36
1,109,18,0.35
1,113,355,7
1,114,244,4.81
1,115,2,0.04
1,123,986,36.04
1,125,483,17.65
1,126,271,9.91
1,127,170,6.21
2,5,68,0.09
2,6,489,0.65
2,8,214,2.28
2,9,403,4.3
2,10,466,4.97
2,11,1002,10.69
2,12,23,0.25
2,14,268,2.86
2,15,609,6.49
2,16,669,7.13
2,17,166,1.77
2,18,2260,58.12
2,19,1932,49.68
2,20,833,21.42
2,21,1192,30.65
2,22,993,25.54
2,23,1843,47.39
2,24,2010,51.69
2,25,185,4.76
2,51,301,4.45
2,52,618,9.15
2,54,313,4.63
2,55,131,1.94
2,64,353,3.97
2,65,762,8.58
2,66,180,2.03
2,67,367,4.13
2,68,392,6.74
2,73,1009,17.36
2,74,1060,18.24
2,75,418,7.19
2,76,973,16.74
2,77,1651,28.41
2,78,1875,32.6
2,79,1751,30.44
2,80,555,9.65
2,82,298,5.18
2,83,68,1.18
2,84,679,11.8
2,85,326,5.67
2,86,474,8.24
2,87,210,3.65
2,88,50,0.61
2,89,70,0.85
2,91,2,0.02
2,93,148,1.79
2,94,8,0.1
2,95,154,1.86
2,96,313,3.79
2,97,69,0.83
2,98,381,2.67
2,99,428,2.99
2,100,346,2.42
2,101,249,1.74
2,102,401,2.81
2,103,8,0.06
2,105,336,2.35
2,106,940,6.58
2,107,641,4.48
2,115,54,1.06
2,116,473,9.32
2,117,461,9.08
2,120,0,0
2,121,0,0
2,122,0,0
2,123,2043,74.67
2,124,0,0
2,126,314,11.48
2,127,9,0.33
3,5,132,0.17
3,6,1110,1.47
3,7,451,0.6
3,8,1154,12.31
3,9,1004,10.71
3,10,480,5.12
3,11,127,1.35
3,12,577,6.15
3,13,688,7.34
3,14,200,2.13
3,15,765,8.16
3,16,586,6.25
3,18,637,16.38
3,19,1164,29.93
3,20,1098,28.24
3,21,183,4.71
3,22,268,6.89
3,23,928,23.86
3,24,849,21.83
3,25,440,11.31
3,51,522,7.73
3,52,1392,20.6
3,53,542,8.02
3,54,58,0.86
3,62,208,2.34
3,64,592,6.67
3,65,573,6.45
3,66,43,0.48
3,67,699,7.87
3,68,156,2.68
3,72,409,7.04
3,73,846,14.56
3,74,745,12.82
3,75,401,6.9
3,76,1078,18.55
3,77,1412,24.29
3,78,408,7.09
3,83,78,1.36
3,85,511,8.88
3,86,772,13.42
3,87,529,9.2
3,88,717,8.68
3,89,750,9.08
3,90,0,0
3,91,947,11.46
3,92,194,2.35
3,93,378,4.57
3,94,30,0.36
3,96,4,0.05
3,99,290,2.03
3,100,0,0
3,102,172,1.2
3,104,283,1.98
3,105,575,4.02
3,106,126,0.88
3,107,67,0.47
3,114,521,10.27
3,115,925,18.23
3,116,1169,23.04
3,117,278,5.48
3,118,40,1.46
3,119,1493,54.57
3,120,447,16.34
3,121,0,0
3,122,0,0
3,123,1333,48.72
3,124,3,0.11
3,125,599,21.89
3,126,40,1.46
3,127,3,0.11
4,5,205,0.27
4,6,446,0.59
4,7,173,0.23
4,8,434,4.63
4,9,311,3.32
4,12,360,3.84
4,13,644,6.87
4,14,816,8.7
4,15,296,3.16
4,16,134,1.43
4,17,354,3.78
4,19,781,20.08
4,20,703,18.08
4,21,166,4.27
4,50,747,11.06
4,51,2135,31.6
4,52,1111,16.44
4,53,311,4.6
4,54,381,5.64
4,55,145,2.15
4,56,236,3.49
4,64,392,4.41
4,65,315,3.55
4,66,101,1.14
4,67,847,9.54
4,68,849,14.61
4,69,395,6.8
4,72,166,2.86
4,73,376,6.47
4,74,86,1.48
4,76,239,4.11
4,77,217,3.73
4,78,575,10
4,79,1107,19.25
4,82,93,1.62
4,83,141,2.45
4,84,586,10.19
4,86,86,1.5
4,87,660,11.47
4,88,494,5.98
4,89,113,1.37
4,90,232,2.81
4,91,529,6.4
4,95,38,0.46
4,96,110,1.33
4,97,48,0.58
4,98,274,1.92
4,99,0,0
4,100,1243,8.7
4,101,827,5.79
4,104,571,3.99
4,106,0,0
4,114,847,16.69
4,115,1127,22.21
4,116,252,4.97
4,118,267,9.76
4,119,158,5.78
4,120,0,0
4,121,0,0
4,122,0,0
4,123,249,9.1
4,124,825,30.15
4,126,46,1.68
4,127,315,11.51
5,5,335,0.44
5,6,14,0.02
5,7,956,1.27
5,8,441,4.7
5,9,192,2.05
5,10,128,1.36
5,11,26,0.28
5,12,378,4.03
5,13,28,0.3
5,14,184,1.96
5,15,284,3.03
5,16,673,7.18
5,18,166,4.27
5,19,677,17.41
5,47,234,0.34
5,48,582,8.61
5,49,321,4.75
5,50,323,4.78
5,51,1464,21.67
5,52,758,11.22
5,53,1117,16.53
5,55,189,2.8
5,56,181,2.68
5,57,363,5.37
5,64,18,0.2
5,66,195,2.2
5,67,186,2.09
5,68,34,0.58
5,70,130,2.24
5,73,101,1.74
5,76,155,2.67
5,77,1409,24.24
5,78,2091,36.35
5,79,782,13.6
5,80,187,3.25
5,81,55,0.96
5,82,147,2.56
5,83,119,2.07
5,84,148,2.57
5,86,464,8.07
5,87,282,4.9
5,88,379,4.59
5,89,102,1.23
5,90,486,5.88
5,91,267,3.23
5,98,268,1.87
5,99,592,4.14
5,100,223,1.56
5,101,12,0.08
5,102,403,2.82
5,114,67,1.32
5,115,175,3.45
5,116,153,3.02
5,117,415,8.18
5,118,2588,94.59
5,119,1336,48.83
5,120,2952,107.9
5,121,180,6.58
5,122,274,10.01
5,123,532,19.44
5,124,81,2.96
6,5,165,0.22
6,6,154,0.2
6,7,368,0.49
6,8,513,5.47
6,9,417,4.45
6,10,179,1.91
6,11,458,4.88
6,12,279,2.98
6,14,50,0.53
6,15,108,1.15
6,16,230,2.45
6,17,547,5.83
6,18,686,17.64
6,47,886,1.3
6,48,212,3.14
6,49,1217,18.01
6,50,1036,15.33
6,51,861,12.74
6,52,591,8.75
6,53,1299,19.23
6,70,485,8.34
6,73,0,0
6,74,178,3.06
6,77,859,14.78
6,78,545,9.47
6,80,270,4.69
6,81,0,0
6,89,146,1.77
6,90,292,3.53
6,91,651,7.88
6,92,610,7.38
6,93,77,0.93
6,96,431,5.22
6,97,642,7.77
6,98,1188,8.31
6,99,501,3.51
6,100,43,0.3
6,101,384,2.69
6,106,160,1.12
6,111,1182,23.29
6,113,18,0.35
6,117,977,19.25
6,118,1023,37.39
6,119,1607,58.74
6,120,305,11.15
6,121,0,0
6,122,67,2.45
7,6,130,0.17
7,7,159,0.21
7,8,1,0.01
7,9,0,0
7,10,381,4.06
7,14,395,4.21
7,15,307,3.27
7,16,277,2.95
7,47,288,0.42
7,48,1298,19.21
7,49,1151,17.04
7,50,821,12.15
7,51,1279,18.93
7,52,560,8.29
7,55,20,0.3
7,65,89,1
7,73,173,2.98
7,74,343,5.9
7,75,350,6.02
7,76,175,3.01
7,77,567,9.76
7,78,227,3.95
7,79,251,4.36
7,80,16,0.28
7,87,410,7.13
7,90,366,4.43
7,91,588,7.12
7,92,424,5.13
7,94,249,3.01
7,95,369,4.47
7,96,335,4.05
7,97,542,6.56
7,98,733,5.13
7,99,187,1.31
7,106,536,3.75
7,107,311,2.18
7,117,1656,32.63
7,118,2229,81.47
7,119,158,5.78
7,120,0,0
8,7,22,0.03
8,8,77,0.82
8,9,429,4.57
8,15,22,0.23
8,16,794,8.47
8,48,100,1.48
8,49,0,0
8,50,1086,16.07
8,51,861,12.74
8,52,248,3.67
8,54,141,2.09
8,55,141,2.09
8,56,273,4.04
8,68,46,0.79
8,70,0,0
8,71,0,0
8,74,610,10.5
8,75,1473,25.34
8,76,19,0.33
8,77,31,0.53
8,79,63,1.1
8,81,383,6.66
8,82,530,9.21
8,84,201,3.49
8,85,501,8.71
8,87,242,4.21
8,88,317,3.84
8,90,546,6.61
8,91,377,4.56
8,92,726,8.78
8,93,350,4.24
8,94,415,5.02
8,95,695,8.41
8,96,396,4.79
8,97,1,0.01
8,114,296,5.83
8,116,580,11.43
8,117,1930,38.03
8,118,1579,57.71
9,9,690,7.36
9,14,164,1.75
9,15,275,2.93
9,16,105,1.12
9,30,27,0
9,49,213,3.15
9,50,162,2.4
9,51,273,4.04
9,54,285,4.22
9,55,290,4.29
9,66,217,2.44
9,67,268,3.02
9,69,222,3.82
9,71,49,0.84
9,73,376,6.47
9,74,1055,18.15
9,75,442,7.6
9,76,1880,32.35
9,77,897,15.43
9,78,194,3.37
9,79,212,3.69
9,83,232,4.03
9,85,5,0.09
9,86,777,13.51
9,87,556,9.67
9,88,367,4.44
9,89,181,2.19
9,90,431,5.22
9,91,17,0.21
9,92,54,0.65
9,94,183,2.21
9,95,621,7.51
9,96,172,2.08
9,97,249,3.01
9,98,527,3.69
9,101,621,4.34
9,102,5,0.03
9,114,303,5.97
9,115,1333,26.27
9,116,2376,46.82
9,117,2332,45.95
9,118,947,34.61
9,119,59,2.16
10,9,72,0
10,15,385,0
10,49,862,18.76
10,51,304,6.61
10,52,190,4.13
10,53,148,3.22
10,54,110,2.39
10,55,243,5.29
10,57,219,4.76
10,66,269,1.9
10,67,617,4.35
10,68,137,5.06
10,69,551,20.34
10,70,1248,46.08
10,71,2039,75.28
10,72,3312,122.28
10,73,1539,56.82
10,74,1001,36.96
10,75,951,35.11
10,76,248,9.16
10,77,31,1.14
10,83,155,4.59
10,84,172,5.09
10,85,791,23.4
10,86,235,6.95
10,87,727,21.51
10,88,307,2.25
10,89,579,4.24
10,90,369,2.7
10,91,359,2.63
10,92,80,0.59
10,93,105,0.77
10,94,324,2.37
10,95,414,3.03
10,96,448,3.28
10,97,129,0.94
10,98,174,1.52
10,104,16,0.14
10,112,0,0
10,113,0,0
10,114,1721,43.45
10,115,753,19.01
10,116,1102,27.82
10,117,2908,73.42
10,118,452,4.16
10,119,367,3.38
10,120,0,0
11,9,51,0
11,10,91,0
11,11,6,0
11,12,144,0
11,13,144,0
11,14,285,0
11,48,125,2.72
11,50,0,0
11,51,343,7.46
11,52,540,11.75
11,54,185,4.03
11,56,198,4.31
11,67,2,0.01
11,68,1420,52.43
11,69,1036,38.25
11,70,744,27.47
11,71,4221,155.84
11,72,4950,182.75
11,73,3572,131.88
11,74,2179,80.45
11,75,602,22.23
11,76,141,5.21
11,80,50,1.48
11,81,45,1.33
11,83,507,15
11,84,253,7.49
11,85,373,11.04
11,86,145,4.29
11,87,524,15.5
11,88,220,1.61
11,92,251,1.84
11,93,537,3.93
11,94,98,0.72
11,95,513,3.76
11,96,516,3.78
11,99,132,1.15
11,108,154,3.89
11,112,9,0.23
11,113,139,3.51
11,114,2225,56.18
11,115,2111,53.3
11,116,581,14.67
11,117,2587,65.32
11,118,191,1.76
12,11,241,0
12,12,150,0
12,13,360,0
12,14,58,0
12,15,80,0
12,45,174,1.64
12,46,1105,10.42
12,47,432,4.07
12,48,1926,41.91
12,49,513,11.16
12,50,199,4.33
12,51,230,5
12,52,414,9.01
12,54,428,9.31
12,67,128,0.9
12,68,92,3.4
12,69,282,10.41
12,70,2540,93.78
12,71,2491,91.97
12,72,3395,125.34
12,73,5418,200.03
12,74,4232,156.24
12,75,3944,145.61
12,76,925,34.15
12,77,351,12.96
12,78,53,1.57
12,79,622,18.4
12,80,497,14.71
12,81,316,9.35
12,83,170,5.03
12,84,697,20.62
12,85,141,4.17
12,87,109,3.23
12,88,246,1.8
12,89,179,1.31
12,90,406,2.97
12,91,350,2.56
12,92,261,1.91
12,94,757,5.54
12,96,1527,11.18
12,98,346,3.02
12,106,381,3.32
12,107,426,3.72
12,108,842,21.26
12,109,625,15.78
12,110,577,14.57
12,111,649,16.39
12,112,511,12.9
12,114,950,23.99
12,115,1981,50.02
12,116,1610,40.65
12,117,1259,31.79
13,11,2,0
13,12,317,0
13,13,177,0
13,14,46,0
13,15,246,0
13,46,694,6.54
13,47,1326,12.5
13,48,676,14.71
13,49,386,8.4
13,50,123,2.68
13,51,1136,24.72
13,52,303,6.59
13,53,169,3.68
13,54,331,7.2
13,55,84,1.83
13,67,4,0.03
13,68,269,9.93
13,69,1735,64.06
13,70,2112,77.97
13,71,1958,72.29
13,72,3373,124.53
13,73,5328,196.71
13,74,4979,183.82
13,75,4672,172.49
13,76,730,26.95
13,77,120,4.43
13,78,451,13.34
13,79,658,19.47
13,80,396,11.72
13,81,467,13.82
13,84,269,7.96
13,85,122,3.61
13,86,320,9.47
13,87,125,3.7
13,88,50,0.37
13,89,151,1.11
13,90,591,4.33
13,91,221,1.62
13,93,495,3.62
13,94,580,4.25
13,95,551,4.03
13,96,230,1.68
13,98,458,4
13,99,173,1.51
13,103,18,0.16
13,104,167,1.46
13,105,638,5.57
13,106,817,7.13
13,107,604,5.27
13,108,194,4.9
13,109,27,0.68
13,110,388,9.8
13,111,354,8.94
13,112,174,4.39
13,113,63,1.59
13,114,398,10.05
13,115,51,1.29
13,116,571,14.42
13,117,232,5.86
13,119,0,0
14,12,80,0
14,13,526,0
14,14,24,0
14,15,115,0
14,16,157,0
14,44,3,0.03
14,45,144,1.36
14,46,832,7.84
14,47,572,5.39
14,48,742,16.14
14,49,1410,30.68
14,50,693,15.08
14,52,815,17.73
14,53,423,9.2
14,54,762,16.58
14,55,49,1.07
14,68,501,18.5
14,69,1224,45.19
14,70,867,32.01
14,71,1007,37.18
14,72,613,22.63
14,73,2100,77.53
14,74,2837,104.74
14,75,2365,87.31
14,76,1388,51.24
14,80,228,6.75
14,81,95,2.81
14,82,38,1.12
14,83,391,11.57
14,85,139,4.11
14,86,476,14.08
14,87,403,11.92
14,88,183,1.34
14,89,295,2.16
14,90,267,1.96
14,91,641,4.69
14,92,175,1.28
14,93,240,1.76
14,94,309,2.26
14,95,754,5.52
14,96,227,1.66
14,100,125,1.09
14,105,268,2.34
14,106,542,4.73
14,107,999,8.72
14,108,874,22.07
14,109,752,18.99
14,110,298,7.52
14,111,162,4.09
14,112,212,5.35
14,113,562,14.19
14,114,1238,31.26
14,115,655,16.54
14,116,74,1.87
14,117,2759,69.66
14,118,3,0.03
14,119,336,3.1
15,13,53,0
15,40,360,3.39
15,41,504,4.75
15,42,175,1.65
15,43,624,5.88
15,44,780,7.35
15,45,529,4.99
15,46,276,2.6
15,47,640,6.03
15,48,511,11.12
15,49,1171,25.48
15,50,722,15.71
15,51,682,14.84
15,52,30,0.65
15,53,760,16.54
15,54,0,0
15,55,175,3.81
15,67,157,1.11
15,68,1892,69.85
15,69,167,6.17
15,70,491,18.13
15,71,1239,45.74
15,72,1362,50.28
15,73,1471,54.31
15,74,2097,77.42
15,75,1462,53.98
15,76,419,15.47
15,77,167,6.17
15,79,11,0.33
15,80,0,0
15,81,141,4.17
15,82,244,7.22
15,83,227,6.72
15,85,318,9.41
15,86,207,6.12
15,87,605,17.9
15,88,63,0.46
15,90,171,1.25
15,91,5,0.04
15,92,10,0.07
15,93,218,1.6
15,94,414,3.03
15,96,210,1.54
15,97,630,4.61
15,98,711,6.2
15,105,219,1.91
15,106,832,7.26
15,107,1374,11.99
15,108,585,14.77
15,109,441,11.13
15,110,490,12.37
15,111,116,2.93
15,112,642,16.21
15,113,524,13.23
15,114,280,7.07
15,115,451,11.39
15,116,957,24.16
15,117,905,22.85
15,119,43,0.4
16,15,38,0
16,16,37,0
16,35,191,1.5
16,36,312,2.45
16,39,290,2.73
16,40,658,6.2
16,41,310,2.92
16,42,13,0.12
16,43,536,5.05
16,44,655,6.18
16,45,236,2.23
16,46,296,2.79
16,47,590,5.56
16,48,1051,22.87
16,49,377,8.2
16,50,864,18.8
16,51,738,16.06
16,52,849,18.47
16,53,446,9.7
16,54,199,4.33
16,55,343,7.46
16,67,399,2.81
16,68,2325,85.84
16,69,1971,72.77
16,70,1553,57.34
16,71,950,35.07
16,72,1791,66.12
16,73,1410,52.06
16,74,300,11.08
16,75,861,31.79
16,76,2008,74.13
16,77,1010,37.29
16,78,140,4.14
16,79,538,15.92
16,80,15,0.44
16,81,252,7.46
16,82,300,8.88
16,83,172,5.09
16,84,157,4.65
16,85,689,20.39
16,86,455,13.46
16,87,26,0.77
16,88,139,1.02
16,89,462,3.38
16,90,134,0.98
16,91,48,0.35
16,92,182,1.33
16,93,266,1.95
16,94,888,6.5
16,96,774,5.67
16,97,279,2.04
16,102,3,0.03
16,103,34,0.3
16,104,393,3.43
16,105,63,0.55
16,106,294,2.56
16,107,1403,12.24
16,108,1819,45.93
16,109,453,11.44
16,110,649,16.39
16,111,94,2.37
16,112,288,7.27
16,113,584,14.74
16,114,101,2.55
16,115,611,15.43
16,116,1145,28.91
16,117,1406,35.5
17,16,11,0
17,34,40,0.31
17,35,595,4.66
17,36,380,2.98
17,37,301,2.36
17,38,512,4.83
17,39,90,0.85
17,40,164,1.55
17,41,14,0.13
17,42,656,6.19
17,43,237,2.23
17,44,430,4.05
17,45,372,3.51
17,47,521,4.91
17,48,900,19.58
17,49,1381,30.05
17,50,856,18.62
17,51,945,20.56
17,52,836,18.19
17,53,1414,30.77
17,54,565,12.29
17,55,723,15.73
17,68,1179,43.53
17,69,2105,77.72
17,70,1404,51.84
17,71,1670,61.66
17,72,1771,65.38
17,73,938,34.63
17,78,161,4.76
17,79,39,1.15
17,80,173,5.12
17,81,166,4.91
17,82,191,5.65
17,83,3,0.09
17,84,119,3.52
17,85,269,7.96
17,87,169,5
17,88,223,1.63
17,89,565,4.14
17,90,119,0.87
17,92,180,1.32
17,93,145,1.06
17,94,127,0.93
17,95,55,0.4
17,96,26,0.19
17,98,102,0.89
17,99,86,0.75
17,104,92,0.8
17,105,109,0.95
17,106,4,0.03
17,107,1310,11.43
17,108,913,23.05
17,109,1384,34.94
17,110,509,12.85
17,111,46,1.16
17,113,212,5.35
17,114,59,1.49
17,115,1551,39.16
17,116,491,12.4
17,117,40,1.01
18,33,67,0.53
18,34,13,0.1
18,36,68,0.53
18,37,991,7.77
18,38,361,3.4
18,39,727,6.85
18,40,607,5.72
18,41,786,7.41
18,42,636,6
18,43,763,7.19
18,44,330,3.11
18,45,296,2.79
18,46,870,8.2
18,47,1353,12.76
18,48,1075,23.39
18,49,1150,25.02
18,50,684,14.88
18,51,897,19.52
18,52,634,13.79
18,53,496,10.79
18,54,658,14.32
18,67,125,0.88
18,68,2247,82.96
18,69,570,21.04
18,70,377,13.92
18,71,1312,48.44
18,72,1111,41.02
18,73,1250,46.15
18,74,815,30.09
18,75,22,0.81
18,76,38,1.4
18,80,184,5.44
18,81,497,14.71
18,82,400,11.84
18,83,767,22.69
18,85,390,11.54
18,86,10,0.3
18,87,224,6.63
18,88,757,5.54
18,89,502,3.68
18,90,651,4.77
18,91,105,0.77
18,92,456,3.34
18,93,160,1.17
18,94,463,3.39
18,95,162,1.19
18,96,162,1.19
18,97,399,2.92
18,98,633,5.52
18,99,828,7.22
18,101,533,4.65
18,105,128,1.12
18,106,776,6.77
18,107,871,7.6
18,108,786,19.84
18,109,1060,26.76
18,110,371,9.37
18,112,111,2.8
18,113,359,9.06
18,115,1082,27.32
18,116,5,0.13
18,117,160,4.04
18,123,538,4.96
18,124,25,0.23
18,125,256,2.36
18,126,299,2.75
18,127,33,0.3
19,34,21,0.16
19,35,561,4.4
19,36,867,6.8
19,37,1206,9.45
19,38,693,6.53
19,39,414,3.9
19,40,699,6.59
19,41,1108,10.45
19,42,326,3.07
19,43,386,3.64
19,44,789,7.44
19,45,775,7.31
19,46,1203,11.34
19,47,613,5.78
19,48,1045,22.74
19,49,744,16.19
19,50,968,21.06
19,51,971,21.13
19,52,1016,22.11
19,53,1369,29.79
19,54,260,5.66
19,55,0,0
19,56,38,0.83
19,57,392,8.53
19,68,901,33.26
19,69,1365,50.4
19,70,1355,50.03
19,71,2625,96.91
19,72,1363,50.32
19,73,1550,57.23
19,74,289,10.67
19,75,639,23.59
19,76,722,26.66
19,77,7,0.26
19,78,61,1.8
19,79,89,2.63
19,80,377,11.15
19,81,387,11.45
19,82,250,7.4
19,83,417,12.34
19,84,533,15.77
19,85,221,6.54
19,86,235,6.95
19,87,47,1.39
19,88,219,1.6
19,89,173,1.27
19,90,454,3.32
19,92,517,3.79
19,94,370,2.71
19,95,306,2.24
19,96,306,2.24
19,97,703,5.15
19,98,218,1.9
19,99,1272,11.1
19,100,139,1.21
19,101,252,2.2
19,105,794,6.93
19,107,73,0.64
19,109,91,2.3
19,110,74,1.87
19,111,57,1.44
19,112,294,7.42
19,113,428,10.81
19,114,166,4.19
19,115,465,11.74
19,116,1793,45.27
19,117,397,10.02
19,118,0,0
19,119,237,2.18
19,123,467,4.3
19,124,686,6.32
19,125,933,8.59
19,126,625,5.76
19,127,371,3.42
20,30,0,0
20,35,238,9.74
20,36,268,10.97
20,37,560,22.93
20,38,517,5.41
20,39,228,2.39
20,40,525,5.5
20,41,582,6.09
20,42,605,6.34
20,43,526,5.51
20,45,897,9.39
20,46,1214,12.71
20,47,200,2.09
20,48,828,19.68
20,49,1328,31.57
20,50,778,18.49
20,51,892,21.21
20,52,734,17.45
20,53,795,18.9
20,54,215,5.11
20,55,276,6.56
20,56,933,22.18
20,57,1039,24.7
20,58,761,114.37
20,59,122,18.34
20,64,252,37.87
20,68,16,0.46
20,69,916,26.61
20,70,2441,70.91
20,71,2279,66.21
20,72,1064,30.91
20,74,360,10.46
20,75,650,18.88
20,76,49,1.42
20,78,292,2.55
20,79,246,2.15
20,81,133,1.16
20,82,137,1.2
20,84,96,0.84
20,85,119,1.04
20,86,303,2.65
20,87,664,5.81
20,88,327,3.28
20,89,115,1.15
20,90,166,1.66
20,91,295,2.96
20,92,211,2.12
20,93,130,1.3
20,94,105,1.05
20,95,608,6.09
20,96,133,1.33
20,97,179,1.79
20,98,697,22.18
20,99,1713,54.51
20,102,69,2.2
20,105,31,0.99
20,107,248,7.89
20,109,545,6.27
20,110,239,2.75
20,113,225,2.59
20,114,376,4.33
20,115,0,0
20,116,395,4.55
20,117,532,6.12
20,118,32,0.46
20,120,519,7.44
20,121,299,4.29
20,122,877,12.57
20,123,168,2.41
20,124,435,6.24
20,125,1012,14.51
20,126,437,6.27
20,127,576,8.26
21,30,342,14
21,31,169,6.92
21,32,631,25.83
21,33,373,15.27
21,34,583,23.87
21,35,385,15.76
21,36,426,17.44
21,37,1192,48.8
21,38,753,7.89
21,39,460,4.82
21,40,363,3.8
21,41,780,8.17
21,42,1236,12.94
21,43,1141,11.95
21,44,884,9.26
21,45,831,8.7
21,46,173,1.81
21,47,1208,12.65
21,48,1221,29.03
21,49,724,17.21
21,50,1420,33.76
21,51,583,13.86
21,52,1646,39.13
21,53,556,13.22
21,54,365,8.68
21,55,296,7.04
21,56,873,20.75
21,57,141,3.35
21,58,707,106.25
21,59,466,70.04
21,68,4,0.12
21,69,28,0.81
21,70,259,7.52
21,71,1015,29.49
21,72,952,27.66
21,73,96,2.79
21,76,522,15.16
21,77,130,3.78
21,78,200,1.75
21,79,60,0.52
21,80,221,1.93
21,81,271,2.37
21,82,504,4.41
21,83,461,4.03
21,84,297,2.6
21,85,72,0.63
21,87,81,0.71
21,88,114,1.14
21,91,66,0.66
21,92,43,0.43
21,94,95,0.95
21,95,160,1.6
21,96,132,1.32
21,97,18,0.18
21,98,649,20.65
21,99,1333,42.42
21,100,1668,53.08
21,101,123,3.91
21,102,1161,36.94
21,103,341,10.85
21,105,104,3.31
21,107,310,9.86
21,109,33,0.38
21,110,370,4.26
21,111,376,4.33
21,112,391,4.5
21,113,819,9.43
21,114,167,1.92
21,115,104,1.2
21,116,470,5.41
21,117,159,1.83
21,118,589,8.45
21,120,115,1.65
21,121,216,3.1
21,122,393,5.64
21,123,199,2.85
21,124,944,13.54
21,125,316,4.53
21,126,817,11.71
21,127,972,13.94
22,29,77,3.15
22,31,572,23.42
22,32,297,12.16
22,33,613,25.1
22,34,398,16.29
22,35,517,21.17
22,36,1176,48.15
22,37,357,14.62
22,38,462,4.84
22,39,409,4.28
22,40,609,6.38
22,41,729,7.63
22,42,993,10.4
22,43,1150,12.04
22,44,1190,12.46
22,45,157,1.64
22,46,4,0.04
22,47,665,6.96
22,48,1535,36.49
22,49,729,17.33
22,50,928,22.06
22,51,1452,34.52
22,52,1607,38.2
22,53,976,23.2
22,54,334,7.94
22,55,176,4.18
22,56,208,4.94
22,57,167,3.97
22,58,325,48.84
22,59,109,16.38
22,60,90,13.53
22,63,167,25.1
22,64,274,41.18
22,67,153,22.99
22,68,3,0.09
22,74,45,1.31
22,76,84,2.44
22,77,159,4.62
22,78,219,1.92
22,79,156,1.36
22,80,204,1.78
22,81,173,1.51
22,82,334,2.92
22,83,390,3.41
22,84,26,0.23
22,85,25,0.22
22,86,306,2.68
22,87,680,5.95
22,88,1050,10.53
22,89,27,0.27
22,93,50,0.5
22,97,207,2.07
22,98,138,4.39
22,99,1270,40.41
22,100,2994,95.27
22,101,1634,52
22,102,4366,138.93
22,103,2400,76.37
22,104,769,24.47
22,105,120,3.82
22,107,128,4.07
22,108,237,2.73
22,110,2,0.02
22,111,308,3.54
22,112,217,2.5
22,113,121,1.39
22,114,227,2.61
22,115,475,5.47
22,116,382,4.4
22,117,35,0.4
22,118,720,10.32
22,121,587,8.42
22,122,196,2.81
22,123,231,3.31
22,124,571,8.19
22,125,315,4.52
22,126,210,3.01
22,127,229,3.28
23,29,77,3.15
23,30,736,30.13
23,31,176,7.21
23,32,410,16.79
23,33,835,34.19
23,34,594,24.32
23,35,265,10.85
23,38,249,2.61
23,39,207,2.17
23,40,1192,12.48
23,41,870,9.11
23,42,228,2.39
23,43,1118,11.71
23,44,851,8.91
23,45,0,0
23,46,1244,13.03
23,47,609,6.38
23,48,1369,32.54
23,49,1187,28.22
23,50,926,22.01
23,51,942,22.39
23,52,1286,30.57
23,53,493,11.72
23,54,884,21.01
23,55,305,7.25
23,56,650,15.45
23,57,206,4.9
23,58,688,103.4
23,59,1326,199.28
23,60,339,50.95
23,72,68,1.98
23,73,127,3.69
23,78,320,2.8
23,79,195,1.71
23,80,381,3.33
23,81,353,3.09
23,82,315,2.76
23,83,149,1.3
23,84,504,4.41
23,85,141,1.23
23,87,673,5.89
23,88,1004,10.06
23,89,137,1.37
23,90,199,1.99
23,91,117,1.17
23,92,201,2.01
23,96,859,8.61
23,97,2494,25
23,98,1002,31.88
23,99,1451,46.17
23,100,3208,102.08
23,101,3239,103.07
23,102,4741,150.86
23,103,3678,117.04
23,104,1269,40.38
23,107,175,5.57
23,108,149,1.71
23,110,0,0
23,111,1127,12.97
23,112,577,6.64
23,113,153,1.76
23,114,0,0
23,115,133,1.53
23,116,510,5.87
23,117,1438,16.55
23,120,127,1.82
23,121,85,1.22
23,122,690,9.89
23,123,538,7.71
23,124,246,3.53
24,25,66,0.44
24,29,310,12.69
24,30,494,20.22
24,31,205,8.39
24,32,431,17.65
24,33,799,32.71
24,34,447,18.3
24,35,718,29.4
24,36,253,10.36
24,38,975,10.21
24,39,50,0.52
24,40,256,2.68
24,41,645,6.75
24,46,43,0.45
24,47,909,9.52
24,48,1377,32.73
24,49,1128,26.82
24,50,756,17.97
24,51,665,15.81
24,52,1,0.02
24,53,506,12.03
24,54,1119,26.6
24,55,1573,37.39
24,58,239,35.92
24,59,28,4.21
24,60,16,2.4
24,72,51,1.48
24,73,243,7.06
24,78,271,2.37
24,79,20,0.17
24,80,667,5.83
24,81,148,1.29
24,82,295,2.58
24,83,386,3.38
24,84,314,2.75
24,85,279,2.44
24,86,244,2.13
24,87,185,1.62
24,88,162,1.62
24,90,441,4.42
24,91,631,6.33
24,92,29,0.29
24,96,313,3.14
24,97,1339,13.42
24,98,2441,77.67
24,99,2853,90.79
24,100,3561,113.31
24,101,2730,86.87
24,102,5384,171.32
24,103,4441,141.32
24,104,1231,39.17
24,105,971,30.9
24,106,279,8.88
24,107,195,6.21
24,108,621,7.15
24,109,294,3.38
24,110,421,4.85
24,111,1130,13.01
24,112,221,2.54
24,114,0,0
24,116,59,0.68
24,117,636,7.32
24,118,348,4.99
24,120,753,10.8
24,121,750,10.75
24,122,1326,19.01
24,123,1016,14.57
24,124,273,3.91
24,127,26,0.37
25,24,44,0.29
25,25,49,0.33
25,28,449,18.38
25,29,450,18.42
25,31,551,22.56
25,32,236,9.66
25,33,354,14.49
25,34,816,33.41
25,35,222,9.09
25,36,583,23.87
25,38,450,4.71
25,39,1060,11.1
25,40,479,5.02
25,41,555,5.81
25,42,977,10.23
25,43,536,5.61
25,44,51,0.53
25,45,542,5.68
25,47,304,3.18
25,48,1243,29.55
25,49,1086,25.82
25,50,994,23.63
25,51,773,18.38
25,53,565,13.43
25,54,2701,64.21
25,55,3087,73.39
25,56,84,2
25,58,226,33.97
25,61,256,38.47
25,62,256,38.47
25,71,138,4.01
25,78,497,4.35
25,79,294,2.57
25,80,127,1.11
25,81,360,3.15
25,82,61,0.53
25,83,86,0.75
25,84,285,2.49
25,85,49,0.43
25,87,6,0.05
25,88,38,0.38
25,90,205,2.05
25,91,387,3.88
25,96,370,3.71
25,97,1363,13.66
25,98,1708,54.35
25,99,2184,69.5
25,100,1707,54.32
25,101,2840,90.37
25,102,3431,109.18
25,103,292,9.29
25,105,173,5.51
25,106,127,4.04
25,107,99,3.15
25,108,387,4.45
25,109,71,0.82
25,110,199,2.29
25,111,416,4.79
25,115,0,0
25,116,63,0.73
25,117,411,4.73
25,118,445,6.38
25,119,123,1.76
25,120,0,0
25,121,1136,16.29
25,122,1011,14.5
25,123,291,4.17
25,124,78,1.12
26,23,57,0.38
26,26,167,1.11
26,31,58,2.37
26,32,109,4.46
26,33,244,9.99
26,34,244,9.99
26,35,115,4.71
26,36,331,13.55
26,37,321,13.14
26,38,1,0.01
26,39,1148,12.02
26,40,321,3.36
26,41,951,9.96
26,42,192,2.01
26,43,245,2.57
26,44,458,4.8
26,45,361,3.78
26,46,227,2.38
26,47,211,2.21
26,48,579,13.76
26,49,1082,25.72
26,50,1063,25.27
26,51,0,0
26,52,241,5.73
26,53,788,18.73
26,54,2931,69.68
26,55,2128,50.59
26,56,238,5.66
26,57,343,8.15
26,61,0,0
26,62,0,0
26,76,15,0.44
26,77,252,7.32
26,78,168,1.47
26,79,433,3.79
26,80,283,2.48
26,82,270,2.36
26,83,173,1.51
26,84,254,2.22
26,85,45,0.39
26,86,189,1.65
26,87,571,4.99
26,88,544,5.45
26,90,96,0.96
26,96,664,6.66
26,97,1376,13.79
26,98,2,0.06
26,99,372,11.84
26,100,416,13.24
26,101,1840,58.55
26,102,488,15.53
26,103,1059,33.7
26,104,695,22.12
26,106,73,2.32
26,107,674,21.45
26,108,43,0.49
26,110,489,5.63
26,111,768,8.84
26,112,432,4.97
26,113,298,3.43
26,115,0,0
26,117,47,0.54
26,118,545,7.81
26,119,907,13.01
26,120,277,3.97
26,121,408,5.85
26,124,0,0
26,125,160,2.29
27,23,75,0.5
27,24,35,0.23
27,25,211,1.4
27,26,210,1.39
27,27,275,1.82
27,29,143,5.85
27,30,32,1.31
27,31,442,18.1
27,32,763,31.24
27,33,295,12.08
27,34,741,30.34
27,35,609,24.93
27,36,857,35.09
27,37,841,34.43
27,38,1445,15.13
27,39,1448,15.16
27,40,517,5.41
27,41,650,6.81
27,42,527,5.52
27,43,73,0.76
27,44,1204,12.61
27,45,342,3.58
27,46,32,0.34
27,48,562,13.36
27,49,161,3.83
27,50,267,6.35
27,51,94,2.23
27,52,464,11.03
27,53,101,2.4
27,54,2036,48.4
27,55,1740,41.36
27,56,658,15.64
27,57,827,19.66
27,58,273,41.03
27,75,87,2.53
27,76,125,3.63
27,78,590,5.16
27,79,459,4.01
27,80,425,3.72
27,81,0,0
27,85,138,1.21
27,86,118,1.03
27,87,571,4.99
27,88,220,2.21
27,89,91,0.91
27,94,334,3.35
27,95,1672,16.76
27,96,2401,24.07
27,97,1348,13.51
27,98,328,10.44
27,100,1371,43.63
27,101,32,1.02
27,102,1799,57.25
27,103,2736,87.06
27,104,2616,83.24
27,105,1198,38.12
27,106,622,19.79
27,107,1089,34.65
27,108,334,3.84
27,109,406,4.67
27,110,314,3.61
27,111,597,6.87
27,112,1653,19.02
27,113,38,0.44
27,114,270,3.11
27,115,162,1.86
27,116,17,0.2
27,118,251,3.6
27,119,218,3.13
27,120,502,7.2
27,121,472,6.77
27,123,101,1.45
27,124,128,1.84
27,125,122,1.75
27,126,186,2.67
28,19,264,1.75
28,24,166,1.1
28,25,479,3.18
28,26,114,0.76
28,27,281,1.86
28,28,340,13.92
28,29,493,20.18
28,30,704,28.82
28,31,103,4.22
28,32,357,14.62
28,33,331,13.55
28,34,458,18.75
28,35,104,4.26
28,38,910,9.53
28,39,447,4.68
28,40,1257,13.16
28,41,646,6.76
28,42,622,6.51
28,43,836,8.75
28,44,655,6.86
28,45,1156,12.11
28,46,391,4.09
28,47,180,1.88
28,48,525,12.48
28,49,307,7.3
28,50,558,13.27
28,51,458,10.89
28,52,189,4.49
28,54,737,17.52
28,55,2957,70.3
28,56,1282,30.48
28,57,341,8.11
28,58,0,0
28,78,259,2.27
28,79,56,0.49
28,80,97,0.85
28,82,46,0.4
28,83,31,0.27
28,84,239,2.09
28,85,140,1.22
28,91,108,1.08
28,94,60,0.6
28,95,1150,11.53
28,96,1517,15.21
28,97,443,4.44
28,101,87,2.77
28,102,2197,69.91
28,103,1001,31.85
28,104,812,25.84
28,105,722,22.97
28,106,44,1.4
28,107,981,31.22
28,108,882,10.15
28,109,105,1.21
28,110,807,9.29
28,111,841,9.68
28,112,1154,13.28
28,113,171,1.97
28,114,1091,12.56
28,115,96,1.1
28,116,16,0.18
28,124,251,3.6
28,125,86,1.23
28,126,102,1.46
29,21,221,1.47
29,23,125,0.83
29,24,375,2.49
29,25,807,5.35
29,26,418,2.77
29,27,84,0.56
29,29,97,3.97
29,30,820,33.57
29,31,477,19.53
29,32,480,19.65
29,33,13,0.53
29,34,239,9.78
29,35,465,19.04
29,36,5,0.2
29,40,302,3.16
29,41,17,0.18
29,42,225,2.36
29,43,579,6.06
29,44,283,2.96
29,45,1145,11.99
29,46,121,1.27
29,47,34,0.36
29,48,192,4.56
29,49,220,5.23
29,50,450,10.7
29,51,177,4.21
29,52,346,8.23
29,53,288,6.85
29,54,860,20.44
29,55,1772,42.12
29,56,2255,53.61
29,57,425,10.1
29,58,0,0
29,59,0,0
29,76,107,3.11
29,77,176,5.11
29,80,562,4.92
29,81,197,1.72
29,82,85,0.74
29,83,76,0.66
29,84,45,0.39
29,85,134,1.17
29,86,221,1.93
29,89,159,1.59
29,90,108,1.08
29,91,226,2.27
29,95,82,0.82
29,96,207,2.07
29,97,8,0.08
29,99,319,10.15
29,100,52,1.65
29,102,85,2.7
29,103,77,2.45
29,106,1288,40.99
29,107,640,20.37
29,109,1786,20.55
29,110,897,10.32
29,111,346,3.98
29,112,613,7.05
29,113,107,1.23
29,114,151,1.74
29,115,128,1.47
29,118,215,3.08
29,124,290,4.16
29,125,175,2.51
29,126,148,2.12
30,20,158,2.76
30,21,39,0.68
30,22,700,12.24
30,23,456,7.98
30,25,324,5.67
30,26,268,4.69
30,28,460,4.38
30,29,3,0.03
30,30,934,8.89
30,31,1045,9.94
30,32,446,4.24
30,33,178,1.69
30,34,237,2.25
30,35,1627,15.48
30,40,0,0
30,41,0,0
30,42,0,0
30,43,96,3.27
30,44,421,14.33
30,45,797,27.12
30,46,852,28.99
30,47,208,7.08
30,48,203,2.95
30,49,371,5.38
30,50,106,1.54
30,51,581,8.43
30,52,974,14.13
30,53,906,13.14
30,54,3444,49.96
30,55,1306,18.95
30,56,335,4.86
30,57,76,1.1
30,58,0,0
30,59,135,1.78
30,73,281,3.69
30,79,104,1.04
30,80,295,2.96
30,81,226,2.27
30,82,165,1.65
30,83,224,2.25
30,84,78,0.78
30,85,630,6.32
30,86,256,2.57
30,87,296,2.97
30,90,151,2.84
30,91,204,3.83
30,92,67,1.26
30,93,1146,21.53
30,94,340,6.39
30,97,521,9.79
30,98,140,2.57
30,99,208,3.82
30,103,5,0.09
30,104,69,1.27
30,105,103,1.89
30,106,1735,31.83
30,107,1418,26.02
30,108,1138,15.47
30,109,154,2.09
30,110,1370,18.63
30,111,74,1.01
30,112,838,11.39
30,116,339,4.61
30,118,41,0.84
30,121,89,1.83
30,124,183,3.77
30,126,224,4.61
30,127,87,1.79
31,20,31,0.54
31,21,1108,19.38
31,22,674,11.79
31,23,247,4.32
31,24,117,2.05
31,25,223,3.9
31,26,628,10.98
31,27,168,2.94
31,28,386,3.67
31,29,97,0.92
31,30,188,1.79
31,31,777,7.39
31,32,701,6.67
31,33,82,0.78
31,34,575,5.47
31,35,91,0.87
31,36,151,1.44
31,38,212,7.21
31,42,98,3.33
31,44,289,9.83
31,45,455,15.48
31,46,567,19.29
31,47,1324,45.05
31,48,662,9.6
31,49,485,7.04
31,50,684,9.92
31,51,859,12.46
31,52,2750,39.9
31,53,2530,36.7
31,54,3270,47.44
31,55,3744,54.32
31,56,147,2.13
31,72,14,0.18
31,73,212,2.78
31,74,75,0.98
31,75,271,3.56
31,77,448,5.88
31,79,9,0.09
31,80,458,4.59
31,81,382,3.83
31,82,47,0.47
31,83,267,2.68
31,84,419,4.2
31,85,0,0
31,86,487,4.88
31,87,132,1.32
31,92,320,6.01
31,94,1,0.02
31,95,59,1.11
31,96,308,5.79
31,97,727,13.66
31,98,167,3.06
31,101,29,0.53
31,102,503,9.23
31,103,36,0.66
31,104,41,0.75
31,105,1419,26.04
31,106,1139,20.9
31,107,1114,20.44
31,108,165,2.24
31,109,74,1.01
31,110,101,1.37
31,111,242,3.29
31,112,190,2.58
31,113,186,2.53
31,115,209,2.84
31,116,603,8.2
31,117,335,4.55
31,120,69,1.42
31,122,179,3.69
31,124,159,3.28
31,125,43,0.89
31,127,222,4.57
32,14,388,1.46
32,20,96,1.68
32,21,506,8.85
32,22,405,7.08
32,23,959,16.77
32,24,319,5.58
32,26,365,6.38
32,29,220,2.09
32,30,88,0.84
32,31,408,3.88
32,33,1318,12.54
32,34,335,3.19
32,35,4,0.04
32,38,466,15.86
32,43,223,7.59
32,44,526,17.9
32,45,227,7.72
32,46,783,26.64
32,47,1061,36.1
32,48,156,2.26
32,49,368,5.34
32,50,269,3.9
32,51,598,8.68
32,52,1457,21.14
32,53,2313,33.56
32,54,2539,36.83
32,55,2929,42.49
32,56,1018,14.77
32,70,0,0
32,71,26,0.34
32,73,273,3.58
32,74,129,1.69
32,75,311,4.08
32,77,338,4.44
32,78,351,3.52
32,79,180,1.81
32,80,204,2.05
32,81,142,1.42
32,82,11,0.11
32,83,223,2.24
32,84,307,3.08
32,85,0,0
32,86,24,0.24
32,88,249,4.68
32,89,274,5.15
32,90,318,5.97
32,91,89,1.67
32,92,186,3.49
32,93,119,2.24
32,94,63,1.18
32,95,211,3.96
32,96,243,4.57
32,97,81,1.52
32,98,212,3.89
32,99,156,2.86
32,101,341,6.26
32,102,83,1.52
32,103,51,0.94
32,104,147,2.7
32,105,185,3.39
32,106,1639,30.07
32,107,1099,20.16
32,108,407,5.53
32,109,458,6.23
32,110,23,0.31
32,111,283,3.85
32,112,348,4.73
32,113,170,2.31
32,114,135,1.84
32,115,193,2.62
32,116,116,1.58
32,117,0,0
32,118,53,1.09
32,119,345,7.11
32,120,267,5.5
32,121,199,4.1
32,122,0,0
32,123,45,0.93
32,124,401,8.26
32,125,172,3.54
32,127,91,1.87
33,14,121,0.46
33,17,152,0.57
33,18,0,0
33,19,250,4.37
33,20,540,9.44
33,22,240,4.2
33,23,232,4.06
33,24,214,3.74
33,25,432,7.56
33,26,468,8.19
33,27,231,4.04
33,28,203,1.93
33,29,212,2.02
33,30,298,2.83
33,31,319,3.03
33,33,198,1.88
33,34,180,1.71
33,35,573,5.45
33,36,934,8.89
33,39,0,0
33,40,451,15.35
33,44,56,1.91
33,45,137,4.66
33,46,1690,57.51
33,47,1276,43.42
33,50,272,3.95
33,51,505,7.33
33,52,2341,33.96
33,53,2336,33.89
33,54,1509,21.89
33,55,1758,25.5
33,56,3908,56.7
33,57,2866,41.58
33,58,1109,14.61
33,59,611,8.05
33,73,545,7.15
33,74,634,8.32
33,75,108,1.42
33,77,407,5.34
33,78,426,4.27
33,79,191,1.92
33,80,179,1.8
33,81,0,0
33,82,0,0
33,83,0,0
33,84,0,0
33,85,0,0
33,86,346,3.47
33,88,401,7.53
33,89,409,7.68
33,90,243,4.57
33,91,232,4.36
33,92,236,4.43
33,93,29,0.54
33,94,67,1.26
33,95,66,1.24
33,98,478,8.77
33,100,108,1.98
33,105,844,15.49
33,106,944,17.32
33,107,1232,22.61
33,108,13,0.18
33,109,831,11.3
33,110,105,1.43
33,112,542,7.37
33,113,49,0.67
33,117,64,0.87
33,118,348,7.17
33,120,4,0.08
33,122,87,1.79
33,125,243,5.01
34,18,100,1.75
34,20,184,3.22
34,22,182,3.18
34,23,140,2.45
34,24,341,5.96
34,25,223,3.9
34,26,404,7.07
34,27,432,7.56
34,28,435,4.14
34,29,184,1.75
34,30,243,2.31
34,34,54,0.51
34,35,346,3.29
34,36,632,6.01
34,37,306,2.91
34,39,0,0
34,42,199,6.77
34,43,0,0
34,46,388,13.2
34,50,22,0.32
34,51,1206,17.5
34,52,2099,30.45
34,53,2513,36.46
34,54,3800,55.13
34,55,2813,40.81
34,56,5112,74.16
34,57,5960,86.46
34,58,3091,40.72
34,59,1413,18.61
34,60,4,0.05
34,61,345,4.54
34,72,199,2.61
34,73,269,3.53
34,75,76,1
34,76,115,1.51
34,77,4,0.05
34,78,96,0.96
34,79,550,5.52
34,80,561,5.63
34,81,0,0
34,82,0,0
34,83,289,2.9
34,84,332,3.33
34,85,159,1.59
34,87,212,2.13
34,88,225,4.23
34,89,122,2.29
34,90,198,3.72
34,91,12,0.23
34,92,309,5.81
34,94,455,8.55
34,95,322,6.05
34,96,690,12.96
34,98,428,7.85
34,105,27,0.5
34,106,358,6.57
34,107,980,17.98
34,108,76,1.03
34,109,125,1.7
34,110,30,0.41
34,113,2,0.03
34,114,155,2.11
34,120,220,4.53
34,122,130,2.68
34,123,13,0.27
34,125,24,0.49
35,19,271,4.74
35,20,368,6.44
35,22,6,0.1
35,23,96,1.68
35,24,606,10.6
35,25,269,4.7
35,26,758,13.26
35,27,762,13.33
35,28,220,2.09
35,29,142,1.35
35,33,10,0.1
35,34,492,4.68
35,36,347,3.3
35,37,625,5.95
35,39,0,0
35,46,481,16.37
35,48,175,2.54
35,50,533,7.73
35,51,1166,16.92
35,52,3430,49.76
35,53,2456,35.63
35,54,4671,67.76
35,55,4183,60.68
35,56,3757,54.5
35,57,4374,63.46
35,58,4231,55.73
35,59,348,4.58
35,61,190,2.5
35,62,846,11.14
35,63,673,8.87
35,64,46,0.61
35,71,61,0.8
35,72,151,1.98
35,73,252,3.31
35,74,477,6.26
35,76,457,6
35,78,531,5.32
35,79,679,6.81
35,80,431,4.32
35,81,0,0
35,82,230,2.31
35,83,159,1.59
35,84,772,7.74
35,87,124,1.24
35,88,235,4.42
35,89,150,2.82
35,90,1297,24.37
35,91,420,7.89
35,95,247,4.64
35,96,71,1.33
35,100,322,5.91
35,105,369,6.77
35,106,130,2.39
35,107,300,5.5
35,108,166,2.26
35,109,1028,13.98
35,111,132,1.79
35,118,244,5.03
35,120,169,3.48
35,122,142,2.93
35,124,123,2.53
35,125,185,3.81
35,126,287,5.91
35,127,359,7.4
36,8,122,0.46
36,14,157,0.59
36,20,158,2.76
36,21,22,0.38
36,22,146,2.55
36,23,217,3.8
36,24,663,11.6
36,25,98,1.71
36,26,118,2.06
36,27,516,9.02
36,28,906,8.62
36,32,847,8.06
36,36,116,1.1
36,37,124,1.18
36,38,124,4.22
36,39,562,19.12
36,40,453,15.42
36,44,0,0
36,45,349,11.88
36,46,3,0.1
36,48,20,0.29
36,50,940,13.64
36,51,315,4.57
36,52,2812,40.8
36,53,1960,28.43
36,54,2953,42.84
36,55,3230,46.86
36,56,1095,15.89
36,57,2133,30.94
36,58,1693,22.3
36,59,694,9.14
36,60,608,8.01
36,61,112,1.48
36,62,366,4.82
36,63,216,2.85
36,72,137,1.8
36,73,254,3.33
36,74,4,0.05
36,75,147,1.93
36,76,448,5.88
36,77,170,2.23
36,78,353,3.54
36,79,282,2.83
36,80,67,0.67
36,81,848,8.5
36,82,1330,13.34
36,83,462,4.63
36,84,56,0.56
36,85,253,2.54
36,87,161,1.61
36,88,169,3.18
36,89,367,6.9
36,90,490,9.21
36,91,463,8.7
36,98,137,2.51
36,100,693,12.72
36,105,350,6.42
36,106,1174,21.54
36,107,1183,21.71
36,108,386,5.25
36,109,876,11.91
36,110,618,8.4
36,111,74,1.01
36,113,179,2.43
36,118,6,0.12
36,122,226,4.66
36,123,11,0.23
36,124,624,12.85
36,125,44,0.91
36,127,195,4.02
37,9,146,0.55
37,20,561,9.81
37,21,670,11.72
37,22,82,1.43
37,23,384,6.72
37,24,117,2.05
37,26,486,8.5
37,27,278,4.86
37,28,113,1.07
37,29,318,3.03
37,35,116,1.1
37,37,701,6.67
37,38,363,12.35
37,39,284,9.66
37,40,196,6.67
37,41,215,7.32
37,42,102,3.47
37,43,0,0
37,44,48,1.63
37,45,175,5.96
37,46,195,6.64
37,49,128,1.86
37,50,501,7.27
37,51,490,7.11
37,52,2980,43.23
37,53,2276,33.02
37,54,2374,34.44
37,55,3497,50.73
37,56,458,6.64
37,57,237,3.44
37,69,471,6.18
37,71,140,1.84
37,72,519,6.81
37,74,201,2.64
37,75,1001,13.14
37,76,940,12.34
37,77,546,7.17
37,78,418,4.19
37,80,66,0.66
37,81,323,3.24
37,82,91,0.91
37,83,0,0
37,84,0,0
37,85,322,3.23
37,88,250,4.7
37,89,1070,20.1
37,90,306,5.75
37,91,183,3.44
37,93,129,2.42
37,95,482,9.06
37,96,32,0.6
37,97,156,2.93
37,98,402,7.38
37,99,157,2.88
37,104,15,0.28
37,105,155,2.84
37,106,288,5.28
37,107,1459,26.77
37,108,605,8.23
37,109,61,0.83
37,110,47,0.64
37,111,236,3.21
37,113,233,3.17
37,114,182,2.47
37,117,283,3.85
37,120,18,0.37
37,121,336,6.92
37,122,218,4.49
37,123,216,4.45
37,124,79,1.63
37,125,432,8.9
37,126,408,8.4
37,127,211,4.35
38,8,119,0.45
38,10,85,0.32
38,11,621,2.34
38,18,344,6.02
38,19,678,11.86
38,20,736,12.87
38,21,593,10.37
38,22,443,7.75
38,23,584,10.21
38,24,188,3.29
38,26,358,6.26
38,27,860,15.04
38,28,573,5.45
38,29,764,7.27
38,34,403,3.83
38,35,254,2.42
38,38,148,5.04
38,39,858,29.2
38,40,308,10.48
38,43,7,0.24
38,44,533,18.14
38,45,103,3.5
38,46,234,7.96
38,47,452,15.38
38,48,75,1.09
38,50,699,10.14
38,51,1312,19.03
38,52,518,7.51
38,54,2135,30.97
38,55,1206,17.5
38,56,35,0.51
38,71,172,2.26
38,72,3,0.04
38,73,151,1.98
38,74,344,4.52
38,75,508,6.67
38,76,484,6.35
38,77,434,5.7
38,78,706,7.08
38,79,82,0.82
38,80,323,3.24
38,81,206,2.07
38,83,52,0.52
38,84,1387,13.91
38,85,65,0.65
38,86,354,3.55
38,87,139,1.39
38,88,206,3.87
38,89,243,4.57
38,90,1042,19.58
38,91,165,3.1
38,92,135,2.54
38,93,310,5.82
38,94,479,9
38,95,203,3.81
38,96,336,6.31
38,97,145,2.72
38,99,142,2.61
38,100,38,0.7
38,101,284,5.21
38,102,0,0
38,104,222,4.07
38,105,679,12.46
38,106,715,13.12
38,107,138,2.53
38,108,169,2.3
38,109,162,2.2
38,112,246,3.34
38,116,244,3.32
38,119,196,4.04
38,120,109,2.25
38,121,0,0
38,122,0,0
38,123,293,6.04
38,124,95,1.96
38,125,9,0.19
38,126,585,12.05
38,127,455,9.37
39,8,167,0.63
39,9,274,1.03
39,10,723,2.72
39,11,112,0.42
39,18,96,1.68
39,19,617,10.79
39,20,564,9.86
39,21,396,6.93
39,22,1117,19.54
39,23,709,12.4
39,24,380,6.65
39,26,851,14.88
39,27,848,14.83
39,28,1232,11.72
39,29,320,3.04
39,30,34,0.32
39,34,158,1.5
39,35,369,3.51
39,36,499,4.75
39,37,603,5.74
39,38,164,5.58
39,39,158,5.38
39,40,56,1.91
39,43,191,6.5
39,44,1,0.03
39,46,270,9.19
39,47,295,10.04
39,49,182,2.64
39,50,2103,30.51
39,51,132,1.91
39,53,82,1.19
39,59,43,0.57
39,60,15,0.2
39,61,140,1.84
39,71,125,1.64
39,75,29,0.38
39,76,181,2.38
39,77,324,4.25
39,78,652,6.54
39,79,338,3.39
39,80,351,3.52
39,81,50,0.5
39,82,23,0.23
39,83,248,2.49
39,84,255,2.56
39,85,0,0
39,87,90,0.9
39,89,200,3.76
39,90,344,6.46
39,91,283,5.32
39,92,336,6.31
39,93,31,0.58
39,94,81,1.52
39,95,66,1.24
39,96,369,6.93
39,98,320,5.87
39,99,192,3.52
39,100,0,0
39,102,0,0
39,104,112,2.06
39,105,0,0
39,112,121,1.65
39,113,2,0.03
39,114,699,9.5
39,115,591,8.04
39,117,22,0.3
39,119,128,2.64
39,120,461,9.5
39,121,155,3.19
39,122,0,0
39,125,285,5.87
39,126,199,4.1
39,127,258,5.31
40,8,52,0.48
40,9,1174,10.89
40,10,957,8.88
40,11,306,2.84
40,13,143,1.33
40,14,46,0.43
40,19,377,4.38
40,20,120,1.39
40,21,440,5.11
40,22,895,10.4
40,23,794,9.23
40,24,370,4.3
40,25,256,2.98
40,26,493,5.73
40,27,376,4.37
40,28,909,11.35
40,29,149,1.86
40,30,332,4.15
40,31,0,0
40,33,502,6.27
40,34,402,5.02
40,36,791,9.88
40,37,323,4.03
40,38,2,0
40,43,46,0.02
40,46,60,0.02
40,47,410,0.16
40,48,465,0.08
40,49,534,0.09
40,50,1049,0.18
40,51,79,0.01
40,59,185,0
40,60,48,0
40,72,223,4.2
40,74,234,4.4
40,76,337,6.34
40,77,624,11.75
40,78,394,4.46
40,79,496,5.61
40,80,264,2.99
40,81,355,4.02
40,82,491,5.56
40,83,617,6.98
40,84,0,0
40,85,51,0.58
40,86,338,3.83
40,87,36,0.41
40,89,179,2.63
40,90,161,2.37
40,92,557,8.2
40,93,53,0.78
40,95,184,2.71
40,96,402,5.92
40,97,245,3.61
40,98,108,1.97
40,99,444,8.11
40,101,203,3.71
40,104,325,5.94
40,105,0,0
40,106,276,5.04
40,111,61,0.88
40,112,235,3.37
40,114,2,0.03
40,115,232,3.33
40,116,0,0
40,117,141,2.02
40,118,724,8.87
40,119,1185,14.51
40,120,316,3.87
40,121,170,2.08
40,125,312,3.82
40,127,35,0.43
41,8,256,2.37
41,9,1473,13.66
41,10,1510,14.01
41,11,590,5.47
41,12,1497,13.89
41,13,594,5.51
41,14,117,1.09
41,18,14,0.16
41,19,404,4.7
41,20,90,1.05
41,21,499,5.8
41,22,480,5.58
41,23,46,0.53
41,24,256,2.98
41,25,349,4.06
41,26,23,0.27
41,27,683,7.94
41,28,678,8.47
41,29,873,10.9
41,30,27,0.34
41,31,733,9.15
41,32,763,9.53
41,33,417,5.21
41,36,85,1.06
41,41,264,0.1
41,42,278,0.11
41,46,2,0
41,47,116,0.04
41,50,428,0.07
41,51,1558,0.27
41,73,129,2.43
41,74,284,5.35
41,75,0,0
41,77,222,4.18
41,78,174,1.97
41,79,328,3.71
41,80,261,2.95
41,81,97,1.1
41,82,2,0.02
41,83,215,2.43
41,86,544,6.16
41,87,368,4.17
41,88,0,0
41,89,383,5.64
41,90,3,0.04
41,91,238,3.5
41,92,153,2.25
41,93,471,6.93
41,95,694,10.21
41,96,348,5.12
41,97,567,8.34
41,98,534,9.76
41,99,808,14.77
41,100,828,15.13
41,101,124,2.27
41,102,183,3.34
41,103,0,0
41,104,39,0.71
41,105,22,0.4
41,106,175,3.2
41,107,8,0.15
41,108,10,0.14
41,111,746,10.7
41,112,91,1.31
41,116,584,8.38
41,117,252,3.62
41,118,116,1.42
41,119,6,0.07
41,120,132,1.62
41,121,271,3.32
41,123,198,2.42
41,125,344,4.21
41,126,34,0.42
42,8,138,1.28
42,9,1457,13.52
42,10,885,8.21
42,11,929,8.62
42,12,898,8.33
42,13,1027,9.53
42,14,481,4.46
42,15,188,1.74
42,18,301,3.5
42,19,612,7.11
42,20,33,0.38
42,21,406,4.72
42,22,226,2.63
42,25,457,5.31
42,26,0,0
42,27,334,3.88
42,28,324,4.05
42,29,118,1.47
42,30,802,10.02
42,31,559,6.98
42,32,664,8.29
42,33,301,3.76
42,36,330,4.12
42,38,1263,0.48
42,39,666,0.25
42,46,99,0.04
42,51,438,0.08
42,61,86,0
42,72,143,2.69
42,73,392,7.38
42,75,122,2.3
42,76,159,2.99
42,77,496,9.34
42,79,7,0.08
42,80,313,3.54
42,82,318,3.6
42,83,144,1.63
42,84,46,0.52
42,85,0,0
42,86,482,5.46
42,87,330,3.74
42,88,523,7.7
42,89,258,3.8
42,90,458,6.74
42,91,232,3.41
42,92,210,3.09
42,93,266,3.91
42,94,155,2.28
42,95,513,7.55
42,96,594,8.74
42,97,663,9.76
42,98,768,14.03
42,99,798,14.58
42,100,624,11.4
42,102,81,1.48
42,103,297,5.43
42,106,81,1.48
42,107,0,0
42,110,545,7.82
42,111,579,8.31
42,112,21,0.3
42,117,808,11.59
42,118,306,3.75
42,119,890,10.9
42,120,570,6.98
42,121,353,4.32
42,127,38,0.47
43,9,18,0.17
43,10,80,0.74
43,12,711,6.6
43,13,215,1.99
43,15,119,1.1
43,16,182,1.69
43,17,659,6.11
43,18,406,4.72
43,19,236,2.74
43,20,952,11.07
43,21,367,4.27
43,23,490,5.7
43,24,129,1.5
43,25,470,5.46
43,26,917,10.66
43,27,525,6.1
43,28,1184,14.79
43,29,1398,17.46
43,30,599,7.48
43,31,389,4.86
43,41,94,0.04
43,42,54,0.02
43,61,20,0
43,72,270,5.08
43,73,467,8.79
43,74,71,1.34
43,75,99,1.86
43,76,3,0.06
43,77,22,0.41
43,79,52,0.59
43,80,12,0.14
43,81,119,1.35
43,82,496,5.61
43,84,60,0.68
43,85,0,0
43,86,422,4.78
43,87,502,5.68
43,88,335,4.93
43,89,0,0
43,90,16,0.24
43,91,36,0.53
43,92,286,4.21
43,93,36,0.53
43,94,418,6.15
43,95,417,6.14
43,96,652,9.59
43,97,317,4.66
43,98,1218,22.26
43,99,479,8.75
43,100,494,9.03
43,101,577,10.54
43,102,78,1.43
43,103,527,9.63
43,104,176,3.22
43,105,202,3.69
43,106,253,4.62
43,109,215,3.09
43,110,264,3.79
43,111,442,6.34
43,112,123,1.76
43,113,269,3.86
43,115,222,3.19
43,117,252,3.62
43,118,110,1.35
43,119,159,1.95
43,122,105,1.29
43,123,72,0.88
43,125,79,0.97
43,126,395,4.84
43,127,164,2.01
44,4,199,0
44,8,35,0.32
44,9,33,0.31
44,11,94,0.87
44,12,23,0.21
44,18,444,5.16
44,19,0,0
44,20,16,0.19
44,23,663,7.71
44,24,360,4.18
44,25,35,0.41
44,26,653,7.59
44,27,624,7.25
44,28,1118,13.96
44,29,392,4.9
44,30,685,8.56
44,31,111,1.39
44,41,64,0.02
44,50,81,0.01
44,71,93,1.75
44,72,25,0.47
44,73,190,3.58
44,74,79,1.49
44,75,78,1.47
44,76,285,5.37
44,77,487,9.17
44,78,359,4.06
44,80,149,1.69
44,81,153,1.73
44,82,581,6.58
44,83,416,4.71
44,84,992,11.23
44,85,0,0
44,86,370,4.19
44,87,118,1.34
44,88,538,7.92
44,90,428,6.3
44,92,313,4.61
44,93,0,0
44,94,37,0.54
44,95,893,13.14
44,96,1233,18.14
44,97,352,5.18
44,98,877,16.03
44,99,201,3.67
44,100,159,2.91
44,101,355,6.49
44,102,234,4.28
44,103,519,9.48
44,104,225,4.11
44,106,28,0.51
44,107,56,1.02
44,108,452,6.49
44,109,1048,15.04
44,110,246,3.53
44,111,100,1.43
44,112,557,7.99
44,113,162,2.32
44,114,94,1.35
44,115,52,0.75
44,117,10,0.14
44,119,88,1.08
44,120,75,0.92
44,121,400,4.9
44,122,1032,12.64
44,123,194,2.38
44,124,538,6.59
44,125,27,0.33
44,126,81,0.99
45,4,1204,0
45,5,1670,0
45,6,34,0
45,7,219,0
45,9,33,0.31
45,11,5,0.05
45,16,294,2.73
45,17,139,1.29
45,18,382,4.44
45,19,303,3.52
45,20,165,1.92
45,23,118,1.37
45,24,170,1.98
45,25,242,2.81
45,27,615,7.15
45,28,407,5.08
45,29,259,3.23
45,30,331,4.13
45,47,0,0
45,48,0,0
45,70,206,3.88
45,71,127,2.39
45,72,174,3.28
45,73,59,1.11
45,74,321,6.04
45,75,34,0.64
45,76,390,7.34
45,78,30,0.34
45,79,100,1.13
45,80,668,7.56
45,81,478,5.41
45,82,739,8.36
45,83,27,0.31
45,84,382,4.32
45,85,2,0.02
45,86,74,0.84
45,87,507,5.74
45,89,207,3.05
45,90,178,2.62
45,91,8,0.12
45,92,249,3.66
45,93,505,7.43
45,94,561,8.26
45,95,217,3.19
45,96,765,11.26
45,97,330,4.86
45,98,586,10.71
45,99,319,5.83
45,100,1860,33.99
45,102,137,2.5
45,103,172,3.14
45,104,154,2.81
45,105,37,0.68
45,106,166,3.03
45,107,445,8.13
45,108,74,1.06
45,109,82,1.18
45,110,798,11.45
45,111,229,3.29
45,112,370,5.31
45,114,77,1.1
45,119,91,1.11
45,120,669,8.19
45,121,674,8.25
45,122,480,5.88
45,123,195,2.39
45,124,6,0.07
45,126,159,1.95
45,127,259,3.17
46,3,20,0
46,4,437,0
46,5,1064,0
46,6,617,0
46,10,183,1.7
46,17,271,2.51
46,18,385,4.48
46,19,1,0.01
46,20,108,1.26
46,23,32,0.37
46,24,223,2.59
46,25,463,5.38
46,26,177,2.06
46,27,246,2.86
46,29,452,5.65
46,30,93,1.16
46,31,218,2.72
46,47,0,0
46,48,0,0
46,49,395,0.07
46,50,163,0.03
46,70,203,3.82
46,74,308,5.8
46,75,116,2.18
46,76,3,0.06
46,77,6,0.11
46,78,826,9.35
46,79,228,2.58
46,80,1042,11.79
46,81,265,3
46,82,297,3.36
46,83,1088,12.32
46,84,586,6.63
46,86,130,1.47
46,87,806,9.12
46,88,80,1.18
46,89,489,7.2
46,90,386,5.68
46,91,290,4.27
46,92,132,1.94
46,93,2158,31.75
46,94,963,14.17
46,95,167,2.46
46,96,772,11.36
46,97,1195,17.58
46,98,392,7.16
46,99,180,3.29
46,100,259,4.73
46,101,647,11.82
46,102,848,15.5
46,103,1,0.02
46,104,268,4.9
46,105,410,7.49
46,106,344,6.29
46,107,143,2.61
46,108,548,7.86
46,109,115,1.65
46,110,268,3.85
46,111,161,2.31
46,112,40,0.57
46,118,210,2.57
46,119,588,7.2
46,120,283,3.47
46,121,399,4.89
46,126,452,5.54
46,127,161,1.97
47,4,925,0
47,5,315,0
47,6,0,0
47,7,0,0
47,8,0,0
47,20,58,0.67
47,21,8,0.09
47,22,80,0.93
47,23,1169,13.59
47,24,57,0.66
47,25,517,6.01
47,26,232,2.7
47,27,257,2.99
47,28,44,0.55
47,29,1095,13.68
47,46,257,0.1
47,47,108,0.04
47,48,1,0
47,49,76,0.01
47,69,175,3.29
47,70,69,1.3
47,71,349,6.57
47,72,241,4.54
47,73,74,1.39
47,75,62,1.17
47,76,558,10.5
47,77,139,2.62
47,78,86,0.97
47,80,262,2.97
47,81,6,0.07
47,82,838,9.49
47,83,567,6.42
47,84,161,1.82
47,85,239,2.71
47,86,2,0.02
47,87,0,0
47,88,450,6.62
47,89,646,9.51
47,90,256,3.77
47,91,442,6.5
47,92,651,9.58
47,93,334,4.91
47,94,423,6.22
47,95,742,10.92
47,96,430,6.33
47,97,947,13.93
47,98,321,5.87
47,99,99,1.81
47,100,219,4
47,101,73,1.33
47,103,31,0.57
47,104,5,0.09
47,106,369,6.74
47,108,11,0.16
47,109,30,0.43
47,110,3,0.04
47,111,536,7.69
47,112,356,5.11
47,113,0,0
47,115,39,0.56
47,116,156,2.24
47,118,157,1.92
47,119,193,2.36
47,122,24,0.29
47,123,85,1.04
47,124,94,1.15
47,125,511,6.26
47,126,285,3.49
47,127,1180,14.45
48,4,1048,0
48,6,210,0
48,7,9,0
48,8,82,0.76
48,20,107,1.24
48,21,20,0.23
48,23,270,3.14
48,25,450,5.23
48,26,465,5.4
48,28,184,2.3
48,29,840,10.49
48,46,1396,0.53
48,47,246,0.09
48,48,137,0.02
48,49,198,0.03
48,69,81,1.52
48,70,625,11.77
48,71,640,12.05
48,72,154,2.9
48,73,246,4.63
48,75,209,3.93
48,76,360,6.78
48,77,589,11.09
48,79,303,3.43
48,80,0,0
48,81,81,0.92
48,82,444,5.03
48,83,83,0.94
48,84,130,1.47
48,86,0,0
48,87,0,0
48,89,150,2.21
48,90,1190,17.51
48,91,323,4.75
48,92,554,8.15
48,93,138,2.03
48,94,332,4.89
48,95,520,7.65
48,96,387,5.69
48,97,869,12.79
48,98,869,15.88
48,99,99,1.81
48,100,435,7.95
48,101,45,0.82
48,102,340,6.21
48,103,558,10.2
48,104,114,2.08
48,105,37,0.68
48,109,22,0.32
48,110,117,1.68
48,111,164,2.35
48,114,317,4.55
48,115,652,9.36
48,116,555,7.96
48,117,105,1.51
48,118,138,1.69
48,120,262,3.21
48,122,6,0.07
48,123,1072,13.13
48,124,715,8.76
48,125,867,10.62
48,126,672,8.23
49,23,92,1.07
49,24,34,0.4
49,25,10,0.12
49,26,12,0.14
49,29,0,0
49,30,56,0.7
49,46,1566,0.6
49,47,897,0.34
49,49,201,0.03
49,70,323,6.08
49,71,222,4.18
49,72,163,3.07
49,73,51,0.96
49,74,310,5.84
49,79,103,1.17
49,80,138,1.56
49,81,426,4.82
49,83,194,2.2
49,84,132,1.49
49,87,0,0
49,88,606,8.92
49,89,338,4.97
49,90,442,6.5
49,91,836,12.3
49,92,860,12.65
49,94,100,1.47
49,95,1154,16.98
49,96,1849,27.21
49,97,405,5.96
49,98,289,5.28
49,100,625,11.42
49,101,1518,27.74
49,102,600,10.96
49,103,440,8.04
49,104,352,6.43
49,105,266,4.86
49,108,211,3.03
49,111,297,4.26
49,113,8,0.11
49,114,113,1.62
49,115,21,0.3
49,116,140,2.01
49,117,111,1.59
49,118,269,3.29
49,120,116,1.42
49,121,178,2.18
49,122,140,1.71
49,123,400,4.9
49,124,504,6.17
49,125,116,1.42
50,6,25,0
50,25,97,0
50,26,715,0
50,30,8,0
50,31,561,0
50,49,505,0
50,71,656,4.34
50,72,32,0.21
50,73,109,0.72
50,79,25,0.48
50,80,202,3.89
50,81,760,14.62
50,82,387,7.44
50,83,642,12.35
50,84,601,11.56
50,85,0,0
50,86,0,0
50,87,0,0
50,88,0,0
50,90,162,5.02
50,91,136,4.22
50,92,824,25.56
50,93,168,5.21
50,94,477,14.79
50,95,0,0
50,96,1298,40.26
50,97,659,20.44
50,99,0,0
50,100,1190,16.97
50,101,1536,21.9
50,102,718,10.24
50,103,350,4.99
50,104,6,0.09
50,105,566,8.07
50,107,45,0.64
50,111,225,2.07
50,112,515,4.74
50,113,186,1.71
50,114,27,0.25
50,115,95,0.87
50,120,422,2.7
50,121,281,1.8
50,122,146,0.94
50,123,121,0.77
50,124,18,0.12
50,126,422,2.7
50,127,62,0.4
51,30,83,0
51,32,205,0
51,33,88,0
51,35,0,0
51,49,98,0
51,70,454,3.01
51,71,404,2.67
51,72,165,1.09
51,76,88,0.58
51,77,301,1.99
51,79,507,9.75
51,80,252,4.85
51,81,443,8.52
51,82,551,10.6
51,86,0,0
51,87,250,4.81
51,89,228,7.07
51,90,1598,49.56
51,91,414,12.84
51,92,933,28.94
51,93,585,18.14
51,94,501,15.54
51,95,524,16.25
51,96,489,15.17
51,97,538,16.69
51,98,65,0.93
51,101,394,5.62
51,102,1636,23.33
51,103,1228,17.51
51,104,83,1.18
51,105,128,1.83
51,109,364,3.35
51,110,156,1.43
51,111,98,0.9
51,114,77,0.71
51,118,2,0.01
51,119,863,5.53
51,120,703,4.5
51,121,423,2.71
51,122,58,0.37
51,125,191,1.22
51,126,1117,7.15
51,127,1240,7.94
52,3,13,0
52,4,0,0
52,30,0,0
52,31,255,0
52,32,179,0
52,33,109,0
52,41,1,0
52,42,267,0.05
52,43,276,0.05
52,49,382,0
52,50,43,0
52,68,116,0.77
52,69,418,2.77
52,70,109,0.72
52,71,196,1.3
52,72,133,0.88
52,73,144,0.95
52,74,0,0
52,75,511,3.38
52,76,577,3.82
52,77,458,3.03
52,78,351,6.75
52,81,401,7.71
52,82,273,5.25
52,83,45,0.87
52,84,503,9.68
52,85,151,2.9
52,86,226,4.35
52,87,452,8.69
52,88,557,17.28
52,89,869,26.95
52,90,1322,41
52,91,2384,73.94
52,92,2379,73.79
52,93,475,14.73
52,94,470,14.58
52,95,156,4.84
52,96,714,22.15
52,97,412,12.78
52,99,211,3.01
52,100,753,10.74
52,101,728,10.38
52,102,926,13.2
52,105,174,2.48
52,107,785,11.19
52,108,236,2.17
52,109,670,6.16
52,110,143,1.32
52,112,52,0.48
52,118,499,3.2
52,119,426,2.73
52,120,259,1.66
52,123,863,5.53
52,124,300,1.92
52,125,1485,9.51
52,126,279,1.79
52,127,129,0.83
53,3,87,0
53,31,357,0
53,33,262,0
53,34,2,0
53,39,167,0.03
53,42,445,0.08
53,43,258,0.04
53,48,195,0
53,49,11,0
53,69,284,1.88
53,70,0,0
53,72,384,2.54
53,74,472,3.13
53,75,490,3.24
53,76,754,4.99
53,77,425,2.81
53,78,274,5.27
53,81,308,5.92
53,82,607,11.68
53,84,200,3.85
53,85,379,7.29
53,86,391,7.52
53,87,1078,20.74
53,88,524,16.25
53,89,1195,37.06
53,90,1717,53.25
53,91,2430,75.37
53,92,1874,58.12
53,96,921,28.57
53,97,324,10.05
53,98,548,7.81
53,99,127,1.81
53,100,34,0.48
53,102,42,0.6
53,104,683,9.74
53,105,1097,15.64
53,107,543,7.74
53,108,370,3.4
53,109,507,4.66
53,110,0,0
53,116,948,8.72
53,117,399,3.67
53,118,390,2.5
53,119,462,2.96
53,120,14,0.09
53,122,535,3.43
53,123,802,5.14
53,124,887,5.68
53,125,230,1.47
53,126,823,5.27
53,127,1084,6.94
54,10,114,0
54,33,657,0
54,34,355,0
54,36,3,0
54,37,530,0
54,39,240,0.04
54,40,279,0.05
54,41,232,0.04
54,42,298,0.05
54,48,32,0
54,70,405,2.68
54,71,176,1.17
54,72,2,0.01
54,73,278,1.84
54,75,337,2.23
54,76,333,2.2
54,77,362,2.4
54,78,177,3.4
54,79,164,3.15
54,83,18,0.35
54,84,228,4.39
54,87,300,5.77
54,88,322,9.99
54,89,1557,48.29
54,90,3239,100.46
54,91,2992,92.8
54,92,914,28.35
54,94,59,1.83
54,95,208,6.45
54,96,429,13.31
54,98,198,2.82
54,102,205,2.92
54,103,312,4.45
54,104,563,8.03
54,105,467,6.66
54,107,1124,16.03
54,108,503,4.63
54,109,160,1.47
54,114,160,1.47
54,115,592,5.44
54,116,650,5.98
54,117,507,4.66
54,118,191,1.22
54,119,41,0.26
54,122,1362,8.72
54,123,680,4.36
54,124,125,0.8
54,125,1124,7.2
54,126,338,2.16
54,127,1,0.01
55,10,494,0
55,12,85,0
55,14,95,0
55,33,214,0
55,34,489,0
55,35,0,0
55,36,157,0
55,37,213,0
55,38,267,0.05
55,40,188,0.03
55,41,244,0.04
55,42,447,0.08
55,47,160,0.03
55,48,55,0
55,71,37,0.24
55,73,73,0.48
55,75,240,1.59
55,76,371,2.46
55,77,317,2.1
55,81,227,4.37
55,82,922,17.74
55,83,758,14.58
55,84,275,5.29
55,88,7,0.22
55,89,348,10.79
55,90,126,3.91
55,91,342,10.61
55,92,204,6.33
55,93,0,0
55,94,0,0
55,95,497,15.42
55,96,116,3.6
55,98,109,1.55
55,100,80,1.14
55,101,274,3.91
55,102,263,3.75
55,103,1887,26.91
55,104,776,11.07
55,105,179,2.55
55,106,398,5.68
55,107,181,2.58
55,110,90,0.83
55,111,36,0.33
55,113,273,2.51
55,114,268,2.46
55,115,604,5.55
55,116,580,5.33
55,119,194,1.24
55,120,195,1.25
55,121,499,3.2
55,122,554,3.55
55,123,1236,7.92
55,124,1173,7.51
55,126,145,0.93
56,12,147,0
56,13,41,0
56,14,197,0
56,15,293,0
56,16,221,0
56,17,69,0
56,18,104,0
56,31,508,0
56,32,130,0
56,33,421,0
56,34,286,0
56,35,506,0
56,36,485,0
56,39,145,0.02
56,40,734,0.13
56,41,708,0.12
56,42,60,0.01
56,72,153,1.01
56,73,341,2.26
56,74,0,0
56,75,180,1.19
56,76,45,0.3
56,77,12,0.08
56,79,56,1.08
56,80,455,8.75
56,81,523,10.06
56,82,462,8.89
56,83,5,0.1
56,84,100,1.92
56,85,88,1.69
56,92,545,16.9
56,93,213,6.61
56,94,763,23.67
56,95,1574,48.82
56,96,482,14.95
56,97,812,25.19
56,98,91,1.3
56,99,240,3.42
56,100,605,8.63
56,101,736,10.49
56,102,598,8.53
56,103,326,4.65
56,105,365,5.2
56,106,75,1.07
56,108,143,1.32
56,109,92,0.85
56,111,89,0.82
56,112,103,0.95
56,113,918,8.44
56,114,870,8
56,119,554,3.55
56,120,483,3.09
56,121,860,5.51
56,122,543,3.48
56,123,0,0
56,124,180,1.15
56,126,83,0.53
56,127,23,0.15
57,12,128,0
57,13,189,0
57,15,871,0
57,16,138,0
57,17,89,0
57,19,177,0
57,20,7,0
57,31,162,0
57,34,283,0
57,35,134,0
57,40,118,0.02
57,41,134,0.02
57,73,8,0.05
57,75,205,1.36
57,76,496,3.28
57,79,31,0.6
57,80,253,4.87
57,82,100,1.92
57,83,231,4.44
57,84,116,2.23
57,85,103,1.98
57,90,29,0.9
57,91,219,6.79
57,92,182,5.64
57,93,635,19.7
57,94,237,7.35
57,95,455,14.11
57,96,1045,32.41
57,97,560,17.37
57,98,400,5.7
57,99,190,2.71
57,100,988,14.09
57,101,86,1.23
57,102,173,2.47
57,105,484,6.9
57,106,103,1.47
57,107,1153,16.44
57,108,694,6.38
57,109,14,0.13
57,110,328,3.02
57,111,36,0.33
57,112,15,0.14
57,113,46,0.42
57,117,39,0.36
57,118,433,2.77
57,119,274,1.75
57,120,773,4.95
57,121,93,0.6
57,122,22,0.14
57,123,63,0.4
57,126,319,2.04
57,127,945,6.05
58,12,437,0
58,13,406,0
58,14,249,0
58,15,309,0
58,16,487,0
58,17,701,0
58,18,169,0
58,19,194,0
58,21,274,0
58,33,308,0
58,34,1226,0
58,36,48,0
58,41,169,0.03
58,75,102,0.68
58,76,281,1.86
58,77,333,2.2
58,78,323,6.21
58,79,1111,21.37
58,80,167,3.21
58,83,31,0.6
58,84,92,1.77
58,85,22,0.42
58,87,0,0
58,91,24,0.74
58,92,1094,33.93
58,93,965,29.93
58,94,242,7.51
58,95,269,8.34
58,96,952,29.53
58,97,369,11.45
58,99,45,0.64
58,100,35,0.5
58,101,554,7.9
58,102,256,3.65
58,104,214,3.05
58,105,150,2.14
58,107,351,5.01
58,108,302,2.78
58,109,800,7.36
58,110,25,0.23
58,111,113,1.04
58,115,71,0.65
58,116,399,3.67
58,117,604,5.55
58,119,141,0.9
58,121,329,2.11
58,122,465,2.98
58,123,839,5.37
58,124,79,0.51
58,125,509,3.26
58,126,294,1.88
58,127,632,4.05
59,12,441,0
59,13,284,0
59,14,482,0
59,15,823,0
59,16,161,0
59,17,603,0
59,18,177,0
59,19,282,0
59,21,437,0
59,22,100,0
59,23,52,0
59,34,0,0
59,74,104,0.69
59,75,329,2.18
59,76,444,2.94
59,77,251,1.66
59,78,153,2.94
59,79,706,13.58
59,80,525,10.1
59,82,143,2.75
59,83,406,7.81
59,84,164,3.15
59,85,61,1.17
59,87,0,0
59,88,45,1.4
59,89,1088,33.75
59,91,99,3.07
59,92,2416,74.94
59,93,1384,42.93
59,94,619,19.2
59,95,405,12.56
59,96,824,25.56
59,98,447,6.37
59,99,1644,23.44
59,100,1064,15.17
59,101,159,2.27
59,103,288,4.11
59,104,205,2.92
59,107,95,1.35
59,108,313,2.88
59,109,171,1.57
59,110,138,1.27
59,112,673,6.19
59,113,117,1.08
59,114,292,2.69
59,115,328,3.02
59,116,215,1.98
59,117,176,1.62
59,119,127,0.81
59,120,126,0.81
59,121,531,3.4
59,122,519,3.32
59,123,702,4.5
59,124,634,4.06
59,125,512,3.28
59,126,1067,6.83
59,127,299,1.92
60,11,251,8.38
60,12,575,19.19
60,13,182,6.07
60,14,190,6.34
60,15,444,14.82
60,16,285,9.51
60,17,196,6.54
60,18,152,0
60,21,109,0
60,22,220,0
60,23,317,0
60,24,112,0
60,31,182,0
60,33,0,0
60,34,0,0
60,41,227,0
60,75,93,1.83
60,76,39,0.77
60,78,193,5.34
60,79,0,0
60,80,250,6.92
60,81,217,6
60,82,361,9.99
60,84,986,27.28
60,86,501,13.86
60,87,229,6.34
60,88,604,15.99
60,89,2331,61.69
60,90,1297,34.33
60,91,857,22.68
60,92,1215,32.16
60,93,1319,34.91
60,94,1165,30.83
60,95,576,15.24
60,96,300,7.94
60,98,491,5.62
60,99,477,5.46
60,101,141,1.61
60,107,19,0.22
60,111,559,9.08
60,112,628,10.2
60,113,854,13.87
60,114,618,10.04
60,115,164,2.66
60,118,458,3.26
60,119,88,0.63
60,122,441,3.13
60,123,641,4.56
60,124,1169,8.31
60,125,41,0.29
60,126,688,4.89
61,12,392,13.08
61,13,500,16.69
61,14,190,6.34
61,16,249,8.31
61,17,235,7.84
61,19,139,0
61,20,282,0
61,21,193,0
61,23,107,0
61,24,156,0
61,65,101,1.87
61,70,201,3.96
61,71,56,1.1
61,73,404,7.95
61,74,97,1.91
61,76,153,3.01
61,78,159,4.4
61,79,107,2.96
61,80,325,8.99
61,81,497,13.75
61,82,105,2.91
61,83,706,19.54
61,84,92,2.55
61,85,778,21.53
61,86,1011,27.98
61,87,2642,73.11
61,88,1189,31.47
61,89,1906,50.44
61,90,3008,79.61
61,91,2666,70.56
61,92,207,5.48
61,94,415,10.98
61,95,969,25.65
61,96,343,9.08
61,98,129,1.48
61,99,974,11.15
61,109,370,6.01
61,110,763,12.39
61,111,577,9.37
61,112,434,7.05
61,113,417,6.77
61,114,213,3.46
61,116,172,2.79
61,117,427,6.94
61,118,388,2.76
61,119,101,0.72
61,120,137,0.97
61,121,769,5.47
61,122,933,6.63
61,123,821,5.83
61,124,327,2.32
61,125,536,3.81
62,11,74,2.47
62,13,203,6.77
62,14,114,3.8
62,31,92,0
62,66,213,3.94
62,67,5,0.09
62,68,185,3.64
62,69,54,1.06
62,70,234,4.6
62,71,226,4.45
62,72,30,0.59
62,78,477,13.2
62,79,732,20.26
62,80,466,12.89
62,81,12,0.33
62,82,850,23.52
62,83,733,20.28
62,84,824,22.8
62,85,2085,57.7
62,86,2479,68.6
62,87,2600,71.95
62,88,2333,61.75
62,89,3291,87.1
62,90,3325,88
62,91,1277,33.8
62,92,873,23.11
62,93,1369,36.23
62,94,810,21.44
62,95,12,0.32
62,96,12,0.32
62,97,0,0
62,98,462,5.29
62,99,44,0.5
62,108,82,1.33
62,109,381,6.19
62,110,875,14.21
62,111,793,12.88
62,114,194,3.15
62,115,444,7.21
62,116,552,8.97
62,117,122,1.98
62,119,476,3.38
62,120,837,5.95
62,121,164,1.17
62,123,365,2.59
62,124,681,4.84
62,125,0,0
62,127,414,2.94
63,17,85,2.84
63,18,313,0
63,19,268,0
63,21,184,0
63,26,646,0
63,30,113,0
63,31,143,0
63,64,162,3
63,65,293,5.42
63,66,240,4.44
63,67,82,1.52
63,68,217,4.27
63,69,191,3.76
63,70,133,2.62
63,71,361,7.1
63,72,99,1.95
63,74,35,0.69
63,75,0,0
63,76,47,0.92
63,78,291,8.05
63,79,445,12.31
63,80,288,7.97
63,82,1104,30.55
63,83,3323,91.95
63,84,2312,63.98
63,85,498,13.78
63,86,1856,51.36
63,87,3027,83.76
63,88,2609,69.05
63,89,2461,65.13
63,90,2542,67.28
63,91,1563,41.37
63,92,1640,43.4
63,93,1096,29.01
63,94,110,2.91
63,95,271,7.17
63,96,294,7.78
63,104,280,3.2
63,105,185,2.12
63,106,776,8.88
63,107,12,0.14
63,108,591,9.6
63,109,153,2.49
63,113,349,5.67
63,114,913,14.83
63,115,401,6.51
63,116,35,0.57
63,119,600,4.26
63,120,545,3.87
63,122,767,5.45
63,123,229,1.63
63,125,108,0.77
63,126,203,1.44
63,127,556,3.95
64,29,231,0
64,30,154,0
64,64,47,0.87
64,66,598,11.06
64,69,182,3.58
64,70,630,12.4
64,71,346,6.81
64,72,71,1.4
64,73,216,4.25
64,74,647,12.73
64,75,0,0
64,76,0,0
64,77,51,1
64,78,296,8.19
64,79,253,7
64,82,1925,53.27
64,83,1462,40.46
64,84,2310,63.92
64,85,1827,50.56
64,86,3027,83.76
64,87,3446,95.36
64,88,3617,95.73
64,89,3114,82.42
64,90,2136,56.53
64,91,2790,73.84
64,92,843,22.31
64,93,341,9.03
64,102,81,0.93
64,103,709,8.11
64,104,798,9.13
64,105,777,8.89
64,106,0,0
64,109,133,2.16
64,110,121,1.97
64,111,438,7.11
64,112,715,11.61
64,113,265,4.3
64,114,476,7.73
64,118,200,1.42
64,119,384,2.73
64,120,170,1.21
64,121,471,3.35
64,122,662,4.7
64,124,240,1.71
64,125,147,1.04
64,126,261,1.85
64,127,181,1.29
65,60,71,1.31
65,65,179,3.31
65,66,367,6.79
65,69,17,0.33
65,70,356,7.01
65,71,475,9.35
65,72,923,18.16
65,73,414,8.15
65,74,20,0.39
65,78,516,14.28
65,79,112,3.1
65,82,74,2.05
65,83,2956,81.8
65,84,2867,79.33
65,85,3296,91.21
65,86,3876,107.25
65,87,3346,92.59
65,88,3755,99.38
65,89,2917,77.2
65,90,3715,98.32
65,91,709,18.76
65,92,40,1.06
65,100,142,1.62
65,101,169,1.93
65,102,498,5.7
65,103,716,8.19
65,104,340,3.89
65,105,379,4.34
65,106,55,0.63
65,107,140,1.6
65,108,571,9.27
65,109,585,9.5
65,110,822,13.35
65,111,795,12.91
65,112,422,6.85
65,114,328,5.33
65,116,109,1.77
65,117,234,3.8
65,118,720,5.12
65,119,160,1.14
65,121,545,3.87
65,122,759,5.39
65,123,603,4.29
65,124,743,5.28
65,125,882,6.27
65,126,221,1.57
65,127,475,3.38
66,67,5,0.09
66,68,113,2.22
66,69,284,5.59
66,71,169,3.33
66,72,196,3.86
66,73,70,1.38
66,76,135,2.66
66,77,624,12.28
66,78,299,8.27
66,79,2,0.06
66,80,219,6.06
66,81,1625,44.97
66,82,1528,42.28
66,83,2731,75.57
66,84,3772,104.38
66,85,3323,91.95
66,86,3443,95.27
66,87,3623,100.25
66,88,1404,37.16
66,89,191,5.06
66,90,3517,93.08
66,91,1554,41.13
66,93,0,0
66,96,43,1.14
66,97,592,15.67
66,100,201,2.3
66,101,458,5.24
66,102,270,3.09
66,103,299,3.42
66,104,558,6.39
66,105,235,2.69
66,106,345,3.95
66,107,593,6.79
66,108,578,9.39
66,109,606,9.84
66,112,277,4.5
66,113,146,2.37
66,115,347,5.64
66,116,295,4.79
66,117,678,11.01
66,118,421,2.99
66,119,472,3.35
66,120,771,5.48
66,121,367,2.61
66,123,240,1.71
66,124,385,2.74
66,125,607,4.31
66,126,263,1.87
66,127,59,0.42
67,66,355,6.56
67,67,154,2.85
67,68,285,5.61
67,69,1658,32.63
67,71,213,4.19
67,73,171,3.36
67,74,409,8.05
67,75,113,2.22
67,76,507,9.98
67,77,1061,20.88
67,78,227,6.28
67,80,248,6.86
67,81,32,0.89
67,82,545,15.08
67,83,2118,58.61
67,84,2281,63.12
67,85,505,13.97
67,86,2544,70.4
67,87,2823,78.12
67,88,1301,34.43
67,89,374,9.9
67,90,3159,83.61
67,91,2858,75.64
67,92,255,6.75
67,95,651,17.23
67,96,493,13.05
67,100,313,3.58
67,101,174,1.99
67,102,295,3.38
67,103,340,3.89
67,105,788,9.02
67,106,892,10.21
67,107,989,11.32
67,108,311,5.05
67,109,168,2.73
67,110,364,5.91
67,111,11,0.18
67,112,414,6.72
67,113,333,5.41
67,114,685,11.13
67,115,544,8.84
67,116,222,3.61
67,117,294,4.78
67,118,395,2.81
67,119,1458,10.36
67,120,770,5.47
67,123,252,1.79
67,124,194,1.38
67,125,536,3.81
67,127,438,3.11
68,58,30,0.55
68,59,355,6.56
68,60,603,11.15
68,61,303,5.6
68,62,274,5.07
68,63,981,18.14
68,64,673,12.44
68,65,0,0
68,66,133,2.46
68,67,364,6.73
68,68,1112,21.88
68,69,592,11.65
68,70,478,9.41
68,71,337,6.63
68,72,386,7.6
68,73,548,10.78
68,74,1161,22.85
68,75,1136,22.35
68,76,500,9.84
68,77,49,0.96
68,79,296,8.19
68,80,16,0.44
68,81,217,6
68,82,101,2.79
68,83,651,18.01
68,84,1271,35.17
68,85,0,0
68,86,1220,33.76
68,87,610,16.88
68,88,1800,47.64
68,89,1807,47.82
68,90,3228,85.43
68,91,270,7.15
68,92,196,5.19
68,94,205,5.43
68,95,459,12.15
68,96,301,7.97
68,97,535,14.16
68,98,116,1.33
68,99,447,5.12
68,100,247,2.83
68,102,1209,13.83
68,103,333,3.81
68,104,914,10.46
68,105,608,6.96
68,106,749,8.57
68,107,85,0.97
68,109,698,11.34
68,110,96,1.56
68,111,156,2.53
68,112,425,6.9
68,113,305,4.95
68,114,569,9.24
68,115,406,6.59
68,116,380,6.17
68,117,114,1.85
68,118,1003,7.13
68,119,541,3.84
68,120,372,2.64
68,122,126,0.9
68,123,212,1.51
68,126,216,1.54
68,127,428,3.04
69,58,20,0.37
69,59,1386,25.63
69,60,2691,49.76
69,61,2800,51.78
69,62,2561,47.36
69,63,2280,42.16
69,64,1881,34.78
69,65,1371,25.35
69,66,887,16.4
69,67,1005,18.58
69,68,1057,20.8
69,69,394,7.75
69,70,269,5.29
69,71,242,4.76
69,72,497,9.78
69,73,640,12.59
69,74,766,15.07
69,75,205,4.03
69,78,153,4.23
69,80,607,16.8
69,82,229,6.34
69,83,147,4.07
69,84,1474,40.79
69,85,229,6.34
69,89,257,6.8
69,90,330,8.73
69,92,781,20.67
69,93,192,5.08
69,94,867,22.95
69,95,192,5.08
69,96,534,14.13
69,98,162,1.85
69,99,235,2.69
69,100,609,6.97
69,101,542,6.2
69,102,657,7.52
69,103,578,6.61
69,104,623,7.13
69,105,811,9.28
69,108,365,5.93
69,109,444,7.21
69,110,62,1.01
69,111,478,7.76
69,112,58,0.94
69,113,213,3.46
69,114,292,4.74
69,115,990,16.08
69,116,358,5.81
69,117,561,9.11
69,118,560,3.98
69,119,418,2.97
69,120,371,2.64
69,123,227,1.61
69,124,241,1.71
69,125,9,0.06
69,126,459,3.26
69,127,1058,7.52
70,58,703,11.75
70,59,1933,32.32
70,60,3235,54.08
70,61,2814,47.05
70,62,2716,45.41
70,63,2679,44.79
70,64,1684,28.15
70,65,999,16.7
70,66,122,2.04
70,67,117,1.96
70,68,592,17.01
70,69,1430,41.09
70,70,779,22.38
70,71,197,5.66
70,72,805,23.13
70,73,453,13.02
70,74,538,15.46
70,78,603,11.24
70,80,112,2.09
70,81,309,5.76
70,82,280,5.22
70,84,90,1.68
70,88,781,12.58
70,89,1640,26.41
70,90,74,1.19
70,91,632,10.18
70,92,658,10.6
70,93,693,11.16
70,94,518,8.34
70,95,122,1.96
70,96,501,8.07
70,97,228,3.67
70,98,374,4.07
70,99,980,10.68
70,100,737,8.03
70,101,303,3.3
70,102,642,6.99
70,103,8,0.09
70,104,194,2.11
70,105,755,8.23
70,106,429,4.67
70,107,175,1.91
70,108,769,16.26
70,109,454,9.6
70,110,1164,24.61
70,111,72,1.52
70,112,14,0.3
70,113,738,15.6
70,114,327,6.91
70,115,85,1.8
70,116,533,11.27
70,118,154,2.37
70,119,133,2.04
70,121,44,0.68
70,123,128,1.97
70,124,255,3.92
70,125,196,3.01
70,126,842,12.94
70,127,293,4.5
71,57,121,0.77
71,58,6,0.1
71,59,1017,17
71,60,1988,33.24
71,61,1685,28.17
71,62,1004,16.79
71,63,2144,35.84
71,64,422,7.06
71,65,794,13.27
71,66,555,9.28
71,68,595,17.1
71,69,1046,30.05
71,70,658,18.91
71,71,489,14.05
71,72,693,19.91
71,73,111,3.19
71,82,166,3.09
71,83,72,1.34
71,87,365,6.8
71,88,255,4.11
71,89,1198,19.29
71,90,337,5.43
71,91,2140,34.46
71,92,551,8.87
71,93,869,13.99
71,94,996,16.04
71,95,512,8.25
71,96,294,4.73
71,97,970,15.62
71,98,465,5.07
71,99,411,4.48
71,100,434,4.73
71,101,537,5.85
71,103,345,3.76
71,104,151,1.65
71,105,1067,11.62
71,106,402,4.38
71,107,492,5.36
71,108,718,15.18
71,109,994,21.01
71,110,434,9.17
71,111,353,7.46
71,112,1277,26.99
71,113,399,8.43
71,114,583,12.32
71,115,279,5.9
71,116,348,7.36
71,117,696,14.71
71,118,372,5.72
71,119,313,4.81
71,120,344,5.29
71,121,453,6.96
71,122,117,1.8
71,124,986,15.15
71,125,736,11.31
71,126,928,14.26
71,127,841,12.92
72,42,65,11.08
72,58,198,3.31
72,59,389,6.5
72,60,0,0
72,61,421,7.04
72,62,65,1.09
72,63,774,12.94
72,64,11,0.18
72,65,376,6.29
72,66,289,4.83
72,67,1416,23.67
72,68,392,11.26
72,69,319,9.17
72,70,491,14.11
72,71,357,10.26
72,72,150,4.31
72,82,59,1.1
72,83,515,9.6
72,85,1,0.02
72,86,846,15.76
72,87,811,15.11
72,88,464,7.47
72,89,73,1.18
72,90,129,2.08
72,91,139,2.24
72,92,1349,21.72
72,93,952,15.33
72,94,552,8.89
72,95,301,4.85
72,96,342,5.51
72,97,519,8.36
72,98,129,1.41
72,99,777,8.47
72,100,412,4.49
72,101,235,2.56
72,102,12,0.13
72,103,852,9.28
72,104,563,6.13
72,105,629,6.85
72,106,637,6.94
72,107,245,2.67
72,108,301,6.36
72,109,35,0.74
72,110,683,14.44
72,111,369,7.8
72,112,808,17.08
72,113,591,12.49
72,114,163,3.45
72,115,336,7.1
72,116,373,7.88
72,118,339,5.21
72,119,247,3.8
72,121,81,1.24
72,122,334,5.13
72,123,1623,24.94
72,124,1490,22.9
72,125,872,13.4
72,126,760,11.68
72,127,299,4.59
73,58,274,4.58
73,59,440,7.36
73,61,219,3.66
73,62,529,8.84
73,63,203,3.39
73,64,24,0.4
73,65,830,13.88
73,66,607,10.15
73,67,1293,21.62
73,68,121,3.48
73,69,561,16.12
73,70,490,14.08
73,71,152,4.37
73,72,176,5.06
73,77,115,3.3
73,79,508,9.47
73,82,377,7.02
73,83,467,8.7
73,84,386,7.19
73,85,769,14.33
73,86,875,16.3
73,87,848,15.8
73,88,792,12.75
73,89,451,7.26
73,90,458,7.38
73,91,129,2.08
73,92,1228,19.78
73,93,1418,22.84
73,94,497,8
73,95,0,0
73,100,463,5.04
73,101,451,4.91
73,102,758,8.26
73,103,1115,12.15
73,104,6,0.07
73,105,292,3.18
73,107,121,1.32
73,108,743,15.71
73,109,296,6.26
73,110,690,14.59
73,111,1160,24.52
73,112,1192,25.2
73,113,1340,28.33
73,114,331,7
73,115,51,1.08
73,118,423,6.5
73,119,58,0.89
73,120,666,10.23
73,121,1134,17.43
73,122,1208,18.56
73,123,723,11.11
73,124,736,11.31
73,125,274,4.21
73,126,995,15.29
73,127,470,7.22
74,58,273,4.56
74,59,747,12.49
74,61,233,3.9
74,63,296,4.95
74,64,482,8.06
74,65,652,10.9
74,66,741,12.39
74,67,69,1.15
74,68,196,5.63
74,69,43,1.24
74,70,207,5.95
74,71,519,14.91
74,73,153,4.4
74,76,250,7.18
74,78,184,3.43
74,79,240,4.47
74,80,1358,25.3
74,81,462,8.61
74,82,335,6.24
74,83,6,0.11
74,84,979,18.24
74,85,830,15.46
74,86,276,5.14
74,87,713,13.28
74,88,102,1.64
74,89,783,12.61
74,90,8,0.13
74,91,596,9.6
74,92,836,13.46
74,93,358,5.77
74,94,0,0
74,95,162,2.61
74,96,0,0
74,100,130,1.42
74,101,181,1.97
74,102,450,4.9
74,103,227,2.47
74,104,188,2.05
74,105,9,0.1
74,106,335,3.65
74,107,249,2.71
74,108,149,3.15
74,109,898,18.98
74,110,752,15.9
74,111,694,14.67
74,112,463,9.79
74,113,123,2.6
74,115,249,5.26
74,116,173,3.66
74,117,248,5.24
74,118,685,10.53
74,119,391,6.01
74,120,486,7.47
74,121,942,14.47
74,122,578,8.88
74,123,882,13.55
74,124,980,15.06
74,125,1036,15.92
74,126,566,8.7
74,127,306,4.7
75,53,150,0.95
75,56,475,3.02
75,57,57,0.36
75,59,166,2.78
75,62,134,2.24
75,63,122,2.04
75,64,700,11.7
75,65,811,13.56
75,66,691,11.55
75,70,15,0.43
75,71,68,1.95
75,72,441,12.67
75,75,196,5.63
75,77,1,0.03
75,78,1439,26.81
75,79,696,12.97
75,80,574,10.69
75,81,147,2.74
75,82,576,10.73
75,83,154,2.87
75,84,381,7.1
75,85,678,12.63
75,86,1053,19.62
75,87,412,7.68
75,88,701,11.29
75,91,448,7.21
75,92,459,7.39
75,93,563,9.07
75,94,183,2.95
75,95,0,0
75,96,0,0
75,97,155,2.5
75,98,55,0.6
75,99,423,4.61
75,100,67,0.73
75,101,559,6.09
75,102,249,2.71
75,103,662,7.21
75,104,315,3.43
75,105,745,8.12
75,106,426,4.64
75,107,48,0.52
75,108,578,12.22
75,109,1,0.02
75,110,250,5.28
75,111,625,13.21
75,112,825,17.44
75,113,569,12.03
75,114,110,2.33
75,115,233,4.93
75,116,106,2.24
75,117,140,2.96
75,118,701,10.77
75,119,515,7.91
75,120,589,9.05
75,121,230,3.53
75,122,378,5.81
75,123,750,11.52
75,124,699,10.74
75,125,853,13.11
75,126,260,4
75,127,446,6.85
76,46,86,14.66
76,49,59,0.38
76,51,70,0.45
76,52,245,1.56
76,55,182,1.16
76,56,570,3.63
76,57,568,3.61
76,60,187,3.13
76,64,80,1.34
76,65,4,0.07
76,68,169,4.86
76,70,403,11.58
76,71,215,6.18
76,72,8,0.23
76,74,118,3.39
76,75,258,7.41
76,76,185,5.32
76,77,693,19.91
76,78,582,10.84
76,79,308,5.74
76,80,16,0.3
76,81,643,11.98
76,82,277,5.16
76,83,811,15.11
76,84,333,6.2
76,85,636,11.85
76,86,238,4.43
76,87,142,2.65
76,88,867,13.96
76,89,97,1.56
76,90,720,11.6
76,91,220,3.54
76,93,1157,18.63
76,94,879,14.16
76,95,475,7.65
76,96,329,5.3
76,97,331,5.33
76,98,913,9.95
76,99,746,8.13
76,100,447,4.87
76,101,229,2.49
76,102,679,7.4
76,103,658,7.17
76,104,317,3.45
76,105,943,10.27
76,106,1292,14.08
76,107,684,7.45
76,108,536,11.33
76,109,262,5.54
76,110,143,3.02
76,111,40,0.85
76,112,817,17.27
76,113,596,12.6
76,114,213,4.5
76,115,170,3.59
76,116,221,4.67
76,117,37,0.78
76,118,230,3.53
76,119,221,3.4
76,120,461,7.08
76,121,562,8.64
76,122,684,10.51
76,123,50,0.77
76,124,467,7.18
76,125,260,4
76,126,450,6.91
76,127,695,10.68
77,47,39,6.65
77,56,27,0.17
77,57,95,0.6
77,58,46,0.77
77,59,189,3.16
77,60,312,5.22
77,66,0,0
77,67,0,0
77,68,118,3.39
77,69,207,5.95
77,70,417,11.98
77,71,91,2.61
77,75,225,6.46
77,76,440,12.64
77,77,762,21.89
77,78,871,16.23
77,79,339,6.32
77,80,518,9.65
77,81,574,10.69
77,82,650,12.11
77,83,21,0.39
77,84,403,7.51
77,85,146,2.72
77,86,360,6.71
77,87,280,5.22
77,88,453,7.3
77,89,455,7.33
77,90,112,1.8
77,92,382,6.15
77,93,595,9.58
77,94,308,4.96
77,95,197,3.17
77,96,727,11.71
77,97,601,9.68
77,98,797,8.68
77,99,47,0.51
77,100,405,4.41
77,101,182,1.98
77,102,1,0.01
77,103,139,1.51
77,104,261,2.84
77,105,410,4.47
77,106,530,5.77
77,107,448,4.88
77,108,756,15.98
77,109,310,6.55
77,110,349,7.38
77,111,135,2.85
77,112,587,12.41
77,113,529,11.18
77,114,139,2.94
77,115,116,2.45
77,116,61,1.29
77,117,467,9.87
77,118,1408,21.64
77,119,570,8.76
77,120,187,2.87
77,121,270,4.15
77,122,251,3.86
77,123,350,5.38
77,124,681,10.46
77,125,235,3.61
77,126,333,5.12
78,47,445,75.88
78,48,84,0.53
78,51,203,1.29
78,56,80,0.51
78,58,16,0.27
78,60,356,5.95
78,61,542,9.06
78,63,412,6.89
78,64,242,4.05
78,66,0,0
78,67,0,0
78,69,446,12.81
78,70,496,14.25
78,73,357,10.26
78,74,105,3.02
78,75,610,17.53
78,76,721,20.72
78,77,545,15.66
78,78,511,9.52
78,79,741,13.81
78,80,513,9.56
78,81,138,2.57
78,82,386,7.19
78,83,457,8.51
78,84,513,9.56
78,85,862,16.06
78,86,1466,27.31
78,87,520,9.69
78,88,307,4.94
78,89,439,7.07
78,91,230,3.7
78,92,766,12.34
78,93,254,4.09
78,94,99,1.59
78,95,373,6.01
78,96,407,6.55
78,97,29,0.47
78,98,69,0.75
78,99,109,1.19
78,100,298,3.25
78,101,640,6.97
78,102,185,2.02
78,103,503,5.48
78,104,668,7.28
78,105,550,5.99
78,106,246,2.68
78,107,518,5.64
78,108,1022,21.6
78,109,1181,24.96
78,110,155,3.28
78,111,191,4.04
78,112,241,5.09
78,113,305,6.45
78,114,330,6.98
78,115,543,11.48
78,116,117,2.47
78,117,213,4.5
78,118,54,0.83
78,119,289,4.44
78,120,385,5.92
78,122,78,1.2
79,41,87,14.84
79,43,227,38.71
79,44,89,15.18
79,60,318,5.32
79,63,227,3.8
79,66,0,0
79,67,0,0
79,68,98,2.82
79,69,221,6.35
79,70,37,1.06
79,71,0,0
79,72,0,0
79,73,68,1.95
79,74,456,13.1
79,75,220,6.32
79,76,27,0.78
79,77,699,20.08
79,79,549,10.23
79,80,483,9
79,81,226,4.21
79,82,750,13.97
79,83,870,16.21
79,84,311,5.79
79,85,600,11.18
79,86,1073,19.99
79,87,218,4.06
79,88,0,0
79,89,297,4.78
79,90,424,6.83
79,91,817,13.16
79,92,272,4.38
79,93,590,9.5
79,94,308,4.96
79,95,888,14.3
79,96,945,15.22
79,97,546,8.79
79,98,304,3.31
79,99,347,3.78
79,101,118,1.29
79,102,281,3.06
79,103,651,7.09
79,105,84,0.92
79,106,447,4.87
79,107,673,7.33
79,108,517,10.93
79,109,61,1.29
79,111,621,13.13
79,112,320,6.76
79,113,259,5.47
79,114,140,2.96
79,115,58,1.23
79,117,0,0
79,118,1184,18.19
79,120,0,0
79,124,0,0
79,125,0,0
79,126,1,0.02
80,42,76,0
80,43,63,0
80,44,224,0
80,48,220,3.78
80,49,346,5.94
80,50,148,2.54
80,51,46,0.79
80,64,221,4.04
80,66,112,2.05
80,69,111,1.33
80,71,117,1.4
80,72,0,0
80,74,2,0.02
80,75,491,5.88
80,76,519,6.22
80,77,426,5.1
80,78,293,4.13
80,79,306,4.31
80,80,467,6.58
80,81,702,9.89
80,82,397,5.59
80,83,140,1.97
80,84,774,10.9
80,85,329,4.63
80,86,1104,15.55
80,87,362,5.1
80,88,455,6.02
80,89,317,4.19
80,90,839,11.1
80,91,888,11.74
80,92,1063,14.06
80,93,337,4.46
80,94,706,9.34
80,95,1317,17.42
80,96,1041,13.77
80,97,881,11.65
80,98,402,6.83
80,99,607,10.32
80,100,98,1.67
80,101,50,0.85
80,102,551,9.37
80,103,362,6.15
80,104,406,6.9
80,105,475,8.08
80,106,412,7
80,107,789,13.41
80,108,311,9.22
80,109,584,17.31
80,110,432,12.81
80,111,211,6.26
80,112,1145,33.95
80,113,226,6.7
80,115,350,10.38
80,116,152,4.51
80,117,681,20.19
80,119,0,0
80,120,362,3.91
80,121,28,0.3
80,122,274,2.96
80,123,216,2.33
80,126,75,0.81
80,127,0,0
81,43,122,0
81,48,254,4.36
81,49,4,0.07
81,51,30,0.51
81,52,915,15.71
81,53,235,4.03
81,72,240,2.88
81,73,317,3.8
81,75,293,3.51
81,76,785,9.4
81,77,471,5.64
81,78,230,3.24
81,79,534,7.52
81,80,940,13.24
81,81,401,5.65
81,82,296,4.17
81,83,12,0.17
81,84,2108,29.69
81,85,432,6.08
81,86,452,6.37
81,87,267,3.76
81,88,1195,15.8
81,89,592,7.83
81,90,488,6.45
81,91,2694,35.63
81,92,1644,21.74
81,93,1152,15.24
81,95,534,7.06
81,96,748,9.89
81,97,1091,14.43
81,98,92,1.56
81,99,77,1.31
81,100,377,6.41
81,101,381,6.48
81,102,115,1.96
81,103,670,11.39
81,104,770,13.09
81,105,343,5.83
81,106,248,4.22
81,108,239,7.09
81,112,32,0.95
81,113,128,3.79
81,114,448,13.28
81,115,911,27.01
81,116,386,11.44
81,117,710,21.05
81,118,984,10.64
81,119,789,8.53
81,120,176,1.9
81,121,521,5.63
81,127,4,0.04
82,45,49,0
82,46,114,0
82,49,177,3.04
82,50,642,11.02
82,51,407,6.99
82,52,1679,28.82
82,53,1220,20.94
82,54,423,7.26
82,60,80,1.46
82,68,60,0.72
82,69,63,0.75
82,70,8,0.1
82,71,395,4.73
82,72,82,0.98
82,73,81,0.97
82,74,92,1.1
82,75,379,4.54
82,76,508,6.09
82,77,465,5.57
82,78,719,10.13
82,79,484,6.82
82,80,495,6.97
82,81,601,8.46
82,82,254,3.58
82,83,1071,15.08
82,84,945,13.31
82,85,406,5.72
82,86,375,5.28
82,87,1052,14.82
82,88,1059,14.01
82,89,321,4.25
82,90,1067,14.11
82,91,1547,20.46
82,92,1747,23.11
82,93,1075,14.22
82,94,155,2.05
82,95,860,11.37
82,96,1349,17.84
82,97,802,10.61
82,98,494,8.4
82,99,1101,18.72
82,100,474,8.06
82,101,580,9.86
82,102,710,12.07
82,103,273,4.64
82,104,726,12.34
82,105,597,10.15
82,106,265,4.51
82,107,17,0.29
82,109,229,6.79
82,110,346,10.26
82,111,179,5.31
82,112,48,1.42
82,113,543,16.1
82,114,816,24.19
82,115,682,20.22
82,116,376,11.15
82,117,996,29.53
82,118,904,9.77
82,119,1180,12.75
82,120,197,2.13
82,126,153,1.65
82,127,677,7.32
83,17,135,0
83,48,35,0.6
83,50,404,6.94
83,51,1706,29.29
83,52,1304,22.38
83,53,3160,54.24
83,54,1859,31.91
83,55,1524,26.16
83,56,165,2.83
83,60,21,0.38
83,69,109,1.31
83,70,47,0.56
83,71,450,5.39
83,74,209,2.5
83,75,131,1.57
83,76,65,0.78
83,77,1101,13.19
83,78,208,2.93
83,79,294,4.14
83,80,959,13.51
83,81,98,1.38
83,82,173,2.44
83,83,920,12.96
83,84,1497,21.08
83,85,405,5.7
83,86,499,7.03
83,87,750,10.56
83,89,689,9.11
83,90,660,8.73
83,91,283,3.74
83,92,276,3.65
83,93,1127,14.91
83,94,656,8.68
83,95,708,9.36
83,97,704,9.31
83,98,105,1.79
83,99,386,6.56
83,100,22,0.37
83,101,418,7.11
83,102,294,5
83,103,676,11.49
83,104,493,8.38
83,105,1045,17.77
83,106,657,11.17
83,107,372,6.32
83,108,254,7.53
83,110,252,7.47
83,111,657,19.48
83,112,1063,31.51
83,113,1108,32.85
83,114,630,18.68
83,116,579,17.17
83,117,623,18.47
83,118,311,3.36
83,119,387,4.18
83,124,171,1.85
83,125,915,9.89
83,126,661,7.14
83,127,70,0.76
84,17,103,0
84,47,82,0
84,50,57,0.98
84,51,1472,25.27
84,52,1306,22.42
84,53,1888,32.41
84,54,2625,45.06
84,55,3594,61.7
84,56,2301,39.5
84,57,264,4.53
84,66,153,2.8
84,70,303,3.63
84,71,291,3.49
84,72,322,3.86
84,73,51,0.61
84,74,171,2.05
84,75,217,2.6
84,76,226,2.71
84,77,326,3.91
84,78,566,7.97
84,79,986,13.89
84,80,559,7.87
84,81,874,12.31
84,82,1008,14.2
84,83,933,13.14
84,84,239,3.37
84,85,365,5.14
84,86,524,7.38
84,87,595,8.38
84,89,605,8
84,90,728,9.63
84,91,478,6.32
84,92,80,1.06
84,93,540,7.14
84,94,397,5.25
84,95,487,6.44
84,96,1002,13.25
84,97,538,7.12
84,98,838,14.25
84,99,693,11.78
84,100,1236,21.01
84,101,520,8.84
84,102,182,3.09
84,103,946,16.08
84,104,222,3.77
84,105,106,1.8
84,106,80,1.36
84,107,268,4.56
84,108,475,14.08
84,109,226,6.7
84,110,628,18.62
84,111,830,24.61
84,112,257,7.62
84,113,292,8.66
84,115,285,8.45
84,116,515,15.27
84,117,538,15.95
84,121,70,0.76
84,123,381,4.12
84,124,659,7.12
84,125,164,1.77
84,126,119,1.29
85,49,292,5.01
85,50,802,13.77
85,51,1347,23.12
85,52,423,7.26
85,53,69,1.18
85,54,2667,45.78
85,55,3543,60.82
85,56,3415,58.62
85,57,1273,21.85
85,59,179,3.27
85,60,10,0.18
85,61,286,5.23
85,66,2,0.04
85,67,118,2.16
85,72,135,1.62
85,73,266,3.19
85,75,669,8.01
85,76,911,10.91
85,77,124,1.49
85,78,907,12.77
85,79,794,11.18
85,80,2026,28.54
85,81,457,6.44
85,82,620,8.73
85,83,966,13.61
85,84,612,8.62
85,85,901,12.69
85,86,1466,20.65
85,87,262,3.69
85,88,127,1.68
85,89,154,2.04
85,90,81,1.07
85,91,1103,14.59
85,92,453,5.99
85,94,328,4.34
85,95,723,9.56
85,96,694,9.18
85,97,1441,19.06
85,98,429,7.29
85,100,226,3.84
85,101,277,4.71
85,102,1074,18.26
85,103,252,4.28
85,104,465,7.91
85,105,557,9.47
85,106,350,5.95
85,107,456,7.75
85,108,1241,36.79
85,109,572,16.96
85,110,31,0.92
85,111,138,4.09
85,114,293,8.69
85,115,1216,36.05
85,116,178,5.28
85,118,846,9.14
85,121,67,0.72
85,122,394,4.26
85,123,76,0.82
85,127,397,4.29
86,24,373,1.44
86,25,134,0.52
86,50,594,10.2
86,51,12,0.21
86,52,425,7.3
86,53,582,9.99
86,54,303,5.2
86,55,1874,32.17
86,56,2133,36.62
86,57,1373,23.57
86,58,785,14.36
86,59,373,6.82
86,60,255,4.66
86,67,49,0.9
86,73,429,5.14
86,74,136,1.63
86,75,162,1.94
86,76,474,5.68
86,77,222,2.66
86,78,1,0.01
86,79,21,0.3
86,80,1810,25.49
86,81,462,6.51
86,82,734,10.34
86,83,481,6.77
86,85,85,1.2
86,86,169,2.38
86,87,130,1.83
86,88,156,2.06
86,89,356,4.71
86,90,101,1.34
86,91,742,9.81
86,92,1246,16.48
86,93,733,9.69
86,94,625,8.27
86,95,1445,19.11
86,96,1081,14.3
86,97,841,11.12
86,98,299,5.08
86,99,558,9.49
86,101,131,2.23
86,102,555,9.44
86,103,319,5.42
86,104,578,9.83
86,105,443,7.53
86,106,1252,21.28
86,107,976,16.59
86,108,326,9.66
86,109,104,3.08
86,112,39,1.16
86,113,1657,49.12
86,114,2482,73.58
86,115,865,25.64
86,116,52,1.54
86,117,439,13.01
86,118,351,3.79
86,121,242,2.62
86,122,136,1.47
86,124,389,4.2
86,125,102,1.1
86,126,432,4.67
86,127,131,1.42
87,21,349,1.35
87,23,1200,4.65
87,24,1096,4.24
87,25,176,0.68
87,51,647,11.11
87,52,922,15.83
87,53,531,9.12
87,54,57,0.98
87,55,1325,22.75
87,56,1843,31.64
87,57,735,12.62
87,58,1614,29.52
87,59,683,12.49
87,60,719,13.15
87,61,591,10.81
87,62,0,0
87,67,24,0.44
87,72,130,1.56
87,73,30,0.36
87,75,144,1.73
87,76,208,2.49
87,77,221,2.65
87,78,460,6.48
87,79,223,3.14
87,80,2318,32.65
87,81,4,0.06
87,82,356,5.01
87,83,1186,16.7
87,84,476,6.7
87,85,306,4.31
87,87,23,0.32
87,88,572,7.57
87,90,115,1.52
87,91,1014,13.41
87,92,1048,13.86
87,93,404,5.34
87,94,0,0
87,95,623,8.24
87,96,387,5.12
87,97,135,1.79
87,98,543,9.23
87,99,1226,20.84
87,100,1418,24.11
87,101,1214,20.64
87,102,635,10.8
87,103,267,4.54
87,104,251,4.27
87,105,848,14.42
87,106,822,13.97
87,107,865,14.71
87,108,4,0.12
87,110,1027,30.45
87,111,3621,107.35
87,112,2561,75.92
87,113,613,18.17
87,114,0,0
87,115,0,0
87,116,74,2.19
87,117,171,5.07
87,118,552,5.97
87,119,151,1.63
87,120,480,5.19
87,121,69,0.75
87,123,485,5.24
87,124,680,7.35
87,125,395,4.27
87,126,394,4.26
88,24,17,0.07
88,25,735,2.85
88,26,977,3.78
88,28,383,0
88,49,177,3.04
88,50,411,7.06
88,51,654,11.23
88,52,541,9.29
88,53,300,5.15
88,54,550,9.44
88,55,634,10.88
88,56,754,12.94
88,57,756,12.98
88,58,1728,31.6
88,59,1483,27.12
88,60,1116,20.41
88,61,845,15.45
88,62,590,10.79
88,63,921,16.84
88,64,665,12.16
88,68,76,0.91
88,69,283,3.39
88,73,72,0.86
88,75,194,2.32
88,76,219,2.62
88,77,274,3.28
88,78,1230,17.32
88,79,768,10.82
88,80,866,12.2
88,81,33,0.46
88,82,987,13.9
88,83,29,0.41
88,86,16,0.23
88,87,0,0
88,89,150,1.98
88,90,738,9.76
88,91,553,7.31
88,92,323,4.27
88,93,190,2.51
88,94,442,5.85
88,95,582,7.7
88,96,1498,19.81
88,97,1475,19.51
88,98,427,7.26
88,99,693,11.78
88,100,806,13.7
88,101,36,0.61
88,103,525,8.93
88,104,234,3.98
88,105,1516,25.77
88,106,331,5.63
88,109,1198,35.52
88,110,6086,180.43
88,111,4129,122.41
88,112,0,0
88,113,0,0
88,114,239,7.09
88,116,272,8.06
88,117,408,12.1
88,118,192,2.08
88,119,88,0.95
88,121,115,1.24
88,122,649,7.01
88,123,500,5.4
88,124,14,0.15
88,125,333,3.6
88,127,0,0
89,24,940,3.64
89,25,548,2.12
89,26,170,0.66
89,28,348,0
89,47,61,0
89,48,172,2.95
89,49,333,5.72
89,50,96,1.65
89,51,603,10.35
89,52,612,10.51
89,53,971,16.67
89,54,830,14.25
89,55,1088,18.68
89,56,665,11.42
89,57,530,9.1
89,58,206,3.77
89,59,1492,27.28
89,60,453,8.28
89,61,515,9.42
89,62,1246,22.79
89,63,1181,21.6
89,64,587,10.73
89,74,255,3.05
89,75,481,5.76
89,76,1305,15.63
89,77,1187,14.22
89,78,479,6.75
89,79,761,10.72
89,80,515,7.25
89,81,76,1.07
89,82,10,0.14
89,83,225,3.17
89,84,962,13.55
89,85,542,7.63
89,86,705,9.93
89,87,656,9.24
89,89,169,2.24
89,90,591,7.82
89,91,814,10.77
89,92,807,10.67
89,93,414,5.48
89,94,1001,13.24
89,95,674,8.91
89,96,77,1.02
89,97,179,2.37
89,98,178,3.03
89,99,456,7.75
89,100,230,3.91
89,101,283,4.81
89,104,290,4.93
89,106,157,2.67
89,108,225,6.67
89,109,2619,77.64
89,110,2604,77.2
89,113,550,16.31
89,114,52,1.54
89,115,900,26.68
89,116,1270,37.65
89,117,670,19.86
89,121,1231,13.31
89,122,477,5.16
89,123,419,4.53
89,124,322,3.48
89,127,0,0
90,23,154,0
90,24,671,0
90,25,628,0
90,26,565,0
90,50,346,4.91
90,51,331,4.69
90,52,622,8.82
90,53,608,8.62
90,54,587,8.33
90,55,1229,17.43
90,56,487,6.91
90,59,190,2.49
90,60,1686,22.08
90,61,433,5.67
90,62,871,11.41
90,63,1268,16.61
90,66,238,3.12
90,67,3,0.04
90,68,150,1.34
90,74,446,3.99
90,75,742,6.64
90,76,1852,16.58
90,77,1500,13.43
90,78,502,7.92
90,79,1020,16.1
90,80,808,12.76
90,81,30,0.47
90,82,542,8.56
90,83,455,7.18
90,84,253,3.99
90,85,1463,23.1
90,86,75,1.18
90,87,544,8.59
90,88,466,6.62
90,89,206,2.92
90,90,794,11.27
90,91,1050,14.91
90,92,617,8.76
90,93,575,8.16
90,94,111,1.58
90,95,589,8.36
90,96,174,2.47
90,97,515,7.31
90,98,675,25.1
90,99,1082,40.24
90,100,148,5.5
90,107,1164,43.29
90,108,773,8.3
90,109,142,1.52
90,110,545,5.85
90,111,423,4.54
90,112,449,4.82
90,113,1628,17.48
90,114,250,2.68
90,115,1050,11.27
90,116,715,7.68
90,119,396,6.64
90,120,486,8.15
90,121,612,10.27
90,122,555,9.31
90,123,52,0.87
90,124,44,0.74
90,125,269,4.51
91,23,218,0
91,26,0,0
91,47,152,2.87
91,48,821,11.64
91,49,733,10.4
91,50,785,11.13
91,51,384,5.45
91,52,661,9.38
91,53,935,13.26
91,54,517,7.33
91,55,175,2.48
91,56,155,2.2
91,60,93,1.22
91,61,668,8.75
91,62,1377,18.04
91,63,522,6.84
91,66,0,0
91,67,161,2.11
91,68,338,3.03
91,69,166,1.49
91,71,117,1.05
91,72,191,1.71
91,73,445,3.98
91,74,1714,15.34
91,75,781,6.99
91,76,820,7.34
91,77,737,6.6
91,78,432,6.82
91,79,564,8.9
91,80,6,0.09
91,81,430,6.79
91,82,1697,26.79
91,83,1022,16.13
91,84,1247,19.69
91,85,1428,22.54
91,86,1742,27.5
91,87,1828,28.86
91,88,970,13.77
91,89,742,10.54
91,90,90,1.28
91,91,919,13.05
91,92,893,12.68
91,93,322,4.57
91,94,292,4.15
91,95,523,7.43
91,97,419,5.95
91,98,363,13.5
91,99,3,0.11
91,101,44,1.64
91,104,415,15.43
91,105,1023,38.05
91,106,3169,117.85
91,107,494,18.37
91,109,399,4.28
91,110,444,4.77
91,111,408,4.38
91,112,1127,12.1
91,113,716,7.69
91,114,913,9.8
91,115,273,2.93
91,117,100,1.07
91,118,1289,21.62
91,119,641,10.75
91,120,460,7.72
91,121,423,7.1
91,122,20,0.34
91,123,594,9.96
91,124,50,0.84
91,125,156,2.62
91,127,43,0.72
92,23,399,0
92,39,499,9.41
92,46,0,0
92,47,541,10.2
92,48,835,11.84
92,49,875,12.41
92,50,854,12.11
92,51,407,5.77
92,52,265,3.76
92,53,822,11.66
92,56,125,1.77
92,66,101,1.32
92,67,1578,20.67
92,69,285,2.55
92,70,102,0.91
92,71,191,1.71
92,72,893,7.99
92,73,438,3.92
92,74,570,5.1
92,75,301,2.69
92,77,694,6.21
92,78,704,11.11
92,79,933,14.73
92,80,395,6.24
92,81,1009,15.93
92,82,1814,28.64
92,83,2389,37.71
92,84,1278,20.18
92,85,1489,23.51
92,86,1164,18.38
92,87,1310,20.68
92,88,379,5.38
92,89,123,1.75
92,90,107,1.52
92,91,434,6.16
92,92,853,12.11
92,93,343,4.87
92,94,447,6.35
92,95,590,8.38
92,97,185,2.63
92,101,744,27.67
92,102,512,19.04
92,103,0,0
92,104,1734,64.49
92,105,863,32.09
92,106,223,8.29
92,107,355,13.2
92,108,129,1.38
92,109,84,0.9
92,110,638,6.85
92,111,538,5.78
92,112,680,7.3
92,113,266,2.86
92,114,778,8.35
92,115,18,0.19
92,117,409,4.39
92,118,225,3.77
92,119,197,3.3
92,120,331,5.55
92,121,214,3.59
92,122,319,5.35
92,123,523,8.77
92,127,1,0.02
93,39,0,0
93,43,190,3.58
93,44,3,0.06
93,45,1106,20.85
93,46,611,11.52
93,47,589,11.11
93,48,1088,15.43
93,49,627,8.89
93,50,959,13.6
93,51,752,10.67
93,52,103,1.46
93,53,482,6.84
93,63,0,0
93,64,0,0
93,66,0,0
93,67,320,4.19
93,72,555,4.97
93,73,270,2.42
93,74,703,6.29
93,75,171,1.53
93,76,555,4.97
93,77,1082,9.68
93,78,516,8.15
93,79,162,2.56
93,80,955,15.08
93,81,509,8.04
93,82,1379,21.77
93,83,1069,16.88
93,84,831,13.12
93,85,167,2.64
93,86,764,12.06
93,87,919,14.51
93,89,106,1.51
93,90,456,6.47
93,91,229,3.25
93,92,304,4.32
93,93,191,2.71
93,95,24,0.34
93,100,93,3.46
93,101,193,7.18
93,102,0,0
93,103,1606,59.73
93,104,3138,116.7
93,105,739,27.48
93,107,79,2.94
93,108,269,2.89
93,109,2042,21.92
93,110,1596,17.13
93,111,771,8.28
93,112,921,9.89
93,113,339,3.64
93,114,60,0.64
93,115,102,1.1
93,116,134,1.44
93,117,446,4.79
93,118,654,10.97
93,119,440,7.38
93,121,336,5.64
93,122,402,6.74
93,123,129,2.16
93,127,346,5.8
94,41,125,2.36
94,42,511,9.63
94,43,609,11.48
94,44,586,11.05
94,45,704,13.27
94,46,453,8.54
94,47,468,8.82
94,48,452,6.41
94,49,175,2.48
94,50,401,5.69
94,51,213,3.02
94,52,271,3.84
94,54,328,4.65
94,72,2,0.02
94,73,510,4.56
94,74,87,0.78
94,75,183,1.64
94,76,704,6.3
94,77,1417,12.68
94,78,435,6.87
94,80,485,7.66
94,81,473,7.47
94,82,184,2.9
94,83,239,3.77
94,85,216,3.41
94,86,374,5.9
94,87,196,3.09
94,88,315,4.47
94,90,968,13.74
94,91,99,1.41
94,93,54,0.77
94,94,163,2.31
94,95,748,10.62
94,97,301,4.27
94,100,659,24.51
94,101,1037,38.57
94,102,2861,106.4
94,103,3654,135.89
94,104,2367,88.03
94,105,1384,51.47
94,106,110,4.09
94,107,255,9.48
94,108,1233,13.24
94,109,824,8.85
94,110,592,6.36
94,111,736,7.9
94,112,108,1.16
94,113,264,2.83
94,114,33,0.35
94,115,176,1.89
94,116,609,6.54
94,117,225,2.42
94,118,432,7.25
94,119,75,1.26
94,120,100,1.68
94,121,556,9.33
94,122,478,8.02
94,125,63,1.06
94,127,406,6.81
95,39,201,3.79
95,41,524,9.88
95,42,749,14.12
95,43,1312,24.74
95,44,724,13.65
95,45,531,10.01
95,46,859,16.2
95,47,648,12.22
95,48,1234,17.5
95,49,510,7.23
95,50,29,0.41
95,59,225,2.95
95,60,145,1.9
95,72,34,0.3
95,73,256,2.29
95,74,258,2.31
95,75,457,4.09
95,76,413,3.7
95,77,873,7.81
95,78,4,0.06
95,79,224,3.54
95,80,411,6.49
95,81,385,6.08
95,82,612,9.66
95,83,188,2.97
95,85,126,1.99
95,86,253,3.99
95,91,298,4.23
95,92,142,2.02
95,93,523,7.43
95,94,619,8.79
95,95,594,8.43
95,96,462,6.56
95,97,552,7.84
95,98,812,30.2
95,99,418,15.55
95,100,1385,51.51
95,101,3403,126.56
95,102,3286,122.21
95,103,2046,76.09
95,104,1579,58.72
95,105,579,21.53
95,106,320,11.9
95,107,685,25.48
95,108,838,9
95,109,664,7.13
95,110,618,6.63
95,111,60,0.64
95,113,143,1.54
95,114,593,6.37
95,115,1101,11.82
95,116,698,7.49
95,117,151,1.62
95,118,177,2.97
95,119,142,2.38
95,120,535,8.97
95,121,458,7.68
95,122,21,0.35
95,125,207,3.47
95,127,44,0.74
96,41,392,7.39
96,42,1241,23.4
96,43,1118,21.08
96,44,184,3.47
96,45,756,14.25
96,46,599,11.29
96,47,403,7.6
96,48,613,8.69
96,49,164,2.33
96,59,1232,16.14
96,60,188,2.46
96,71,233,2.09
96,72,623,5.58
96,75,1,0.01
96,76,884,7.91
96,77,642,5.75
96,78,587,9.27
96,79,362,5.71
96,80,352,5.56
96,82,712,11.24
96,83,1087,17.16
96,84,759,11.98
96,85,83,1.31
96,88,430,6.11
96,89,1052,14.94
96,90,44,0.62
96,92,392,5.57
96,93,10,0.14
96,94,96,1.36
96,95,821,11.66
96,96,807,11.46
96,97,1302,18.49
96,98,228,8.48
96,99,1778,66.12
96,100,1039,38.64
96,101,1968,73.19
96,102,2218,82.49
96,103,2109,78.43
96,104,2387,88.77
96,105,576,21.42
96,106,443,16.48
96,107,625,23.24
96,108,1006,10.8
96,109,326,3.5
96,110,223,2.39
96,111,182,1.95
96,113,755,8.11
96,114,214,2.3
96,115,51,0.55
96,116,91,0.98
96,118,528,8.86
96,119,681,11.42
96,120,433,7.26
96,121,265,4.45
96,124,206,3.46
96,125,64,1.07
96,127,645,10.82
97,41,465,8.77
97,42,1213,22.87
97,43,513,9.67
97,44,984,18.55
97,45,644,12.14
97,46,783,14.76
97,47,243,4.58
97,71,73,0.65
97,72,308,2.76
97,73,91,0.81
97,74,261,2.34
97,75,1612,14.43
97,76,1566,14.02
97,78,208,3.28
97,79,530,8.37
97,82,135,2.13
97,83,64,1.01
97,84,346,5.46
97,85,445,7.03
97,88,396,5.62
97,89,489,6.94
97,90,202,2.87
97,91,520,7.38
97,92,423,6.01
97,94,672,9.54
97,96,1035,14.7
97,97,229,3.25
97,98,325,12.09
97,99,917,34.1
97,100,500,18.59
97,101,410,15.25
97,102,1561,58.05
97,103,2405,89.44
97,104,1414,52.59
97,105,1078,40.09
97,106,287,10.67
97,107,969,36.04
97,108,707,7.59
97,109,573,6.15
97,110,116,1.25
97,112,453,4.86
97,113,155,1.66
97,114,460,4.94
97,115,22,0.24
97,116,703,7.55
97,117,347,3.73
97,118,824,13.82
97,119,207,3.47
97,120,382,6.41
97,124,234,3.93
97,126,576,9.66
97,127,410,6.88
98,40,221,4.17
98,41,461,8.69
98,42,869,16.38
98,43,1560,29.41
98,44,352,6.64
98,45,0,0
98,72,515,4.61
98,73,173,1.55
98,74,0,0
98,75,54,0.48
98,76,553,4.95
98,77,75,0.67
98,78,238,3.76
98,79,580,9.16
98,87,133,2.1
98,88,350,4.97
98,91,768,10.9
98,92,180,2.56
98,94,143,2.03
98,95,185,2.63
98,96,1198,17.01
98,97,140,1.99
98,98,657,24.43
98,99,295,10.97
98,100,66,2.45
98,101,134,4.98
98,102,967,35.96
98,103,388,14.43
98,104,688,25.59
98,105,1274,47.38
98,106,54,2.01
98,107,1049,39.01
98,108,545,5.85
98,109,1,0.01
98,110,7,0.08
98,111,470,5.05
98,112,425,4.56
98,113,509,5.46
98,115,145,1.56
98,116,390,4.19
98,117,646,6.94
98,118,223,3.74
98,122,135,2.26
98,123,1149,19.28
98,124,2,0.03
98,125,251,4.21
98,126,543,9.11
99,28,11,1
99,40,935,17.63
99,41,528,9.96
99,42,155,2.92
99,53,88,1.25
99,54,91,1.29
99,74,0,0
99,75,588,5.26
99,76,23,0.21
99,79,1563,24.67
99,80,635,10.02
99,81,131,2.07
99,86,74,1.17
99,87,1066,16.83
99,88,129,1.83
99,89,307,4.36
99,90,567,8.05
99,91,484,6.87
99,92,349,4.96
99,93,204,2.9
99,95,0,0
99,96,286,4.06
99,97,340,4.83
99,98,320,11.9
99,99,241,8.96
99,100,506,18.82
99,101,181,6.73
99,102,1685,62.66
99,103,846,31.46
99,104,12,0.45
99,105,495,18.41
99,106,543,20.19
99,107,147,5.47
99,108,149,1.6
99,110,578,6.21
99,111,333,3.58
99,112,43,0.46
99,113,564,6.06
99,115,144,1.55
99,116,564,6.06
99,117,894,9.6
99,118,81,1.36
99,121,405,6.79
99,122,693,11.63
99,123,85,1.43
99,124,149,2.5
99,125,176,2.95
100,28,14,0
100,29,0,0
100,40,101,3.22
100,52,0,0
100,53,808,2.05
100,54,59,0.15
100,73,22,0.07
100,74,70,0.22
100,75,65,0.2
100,79,865,11.2
100,80,663,8.58
100,81,91,1.18
100,86,237,3.07
100,87,328,4.25
100,88,602,3.97
100,89,223,1.47
100,90,108,0.71
100,91,178,1.17
100,92,65,0.43
100,95,0,0
100,96,111,0.73
100,97,183,1.21
100,98,258,5.74
100,99,154,3.42
100,100,569,12.65
100,101,534,11.87
100,102,1486,33.04
100,103,912,20.28
100,104,94,2.09
100,106,228,5.07
100,107,131,2.91
100,110,272,4.42
100,111,921,14.98
100,112,761,12.38
100,113,110,1.79
100,114,213,3.46
100,116,222,3.61
100,117,34,0.55
100,121,473,4
100,122,406,3.43
100,123,1405,11.88
100,124,1841,15.57
100,125,9,0.08
101,31,0,0
101,32,0,0
101,38,0,0
101,39,488,15.56
101,40,48,1.53
101,46,642,20.47
101,47,187,5.96
101,52,0,0
101,53,707,1.79
101,54,144,0.36
101,77,126,0.39
101,79,131,1.7
101,80,192,2.49
101,86,109,1.41
101,87,1463,18.94
101,88,510,3.36
101,89,199,1.31
101,90,880,5.8
101,96,437,2.88
101,97,450,2.97
101,98,329,7.32
101,99,425,9.45
101,100,575,12.79
101,101,1324,29.44
101,102,1072,23.84
101,103,262,5.83
101,104,186,4.14
101,105,692,15.39
101,106,642,14.27
101,110,340,5.53
101,111,697,11.34
101,113,203,3.3
101,119,90,0.76
101,120,563,4.76
101,121,654,5.53
101,122,457,3.86
101,123,1163,9.83
101,124,173,1.46
102,21,3,0.04
102,22,326,4.26
102,31,0,0
102,39,0,0
102,42,440,14.03
102,43,513,16.35
102,44,652,20.78
102,45,807,25.73
102,46,1277,40.71
102,47,891,28.4
102,48,531,1.34
102,52,500,1.27
102,53,214,0.54
102,54,381,0.97
102,55,16,0.04
102,73,90,0.28
102,83,709,9.18
102,84,227,2.94
102,85,640,8.28
102,87,452,5.85
102,88,774,5.1
102,89,65,0.43
102,90,994,6.55
102,92,63,0.42
102,93,534,3.52
102,95,246,1.62
102,96,404,2.66
102,97,442,2.91
102,99,503,11.18
102,100,642,14.27
102,101,389,8.65
102,102,587,13.05
102,103,461,10.25
102,104,1005,22.35
102,105,144,3.2
102,108,41,0.67
102,109,192,3.12
102,110,421,6.85
102,114,311,5.06
102,115,753,12.25
102,116,28,0.46
102,119,621,5.25
102,120,780,6.6
102,121,5,0.04
102,122,143,1.21
102,123,268,2.27
102,127,983,8.31
103,21,475,6.21
103,22,318,4.15
103,40,21,0.67
103,41,1851,59.01
103,42,1339,42.69
103,43,1818,57.95
103,44,1714,54.64
103,45,1610,51.32
103,46,1576,50.24
103,47,1418,45.2
103,48,121,0.31
103,49,1223,3.1
103,50,653,1.65
103,51,1137,2.88
103,52,1313,3.33
103,53,12,0.03
103,54,971,2.46
103,55,170,0.43
103,73,233,0.72
103,83,266,3.44
103,84,177,2.29
103,85,579,7.49
103,86,505,6.54
103,87,365,4.72
103,89,241,1.59
103,90,605,3.99
103,91,426,2.81
103,92,116,0.76
103,94,565,3.73
103,95,326,2.15
103,96,612,4.04
103,97,74,0.49
103,100,691,15.36
103,102,101,2.25
103,103,948,21.08
103,104,514,11.43
103,105,5,0.11
103,107,307,6.83
103,108,806,13.11
103,110,421,6.85
103,111,222,3.61
103,114,279,4.54
103,117,114,1.85
103,118,1092,9.23
103,119,627,5.3
103,120,66,0.56
103,121,275,2.33
103,122,974,8.24
103,125,37,0.31
103,126,170,1.44
103,127,663,5.61
104,38,138,4.4
104,40,4,0.13
104,41,1629,51.93
104,42,1691,53.91
104,43,1609,51.29
104,44,856,27.29
104,45,720,22.95
104,46,435,13.87
104,47,0,0
104,49,1847,4.68
104,50,1196,3.03
104,51,1544,3.91
104,52,1073,2.72
104,62,728,5.35
104,63,6,0.04
104,75,25,0.08
104,87,464,6.01
104,89,251,1.66
104,90,258,1.7
104,91,246,1.62
104,92,384,2.53
104,94,1231,8.12
104,95,277,1.83
104,97,788,5.2
104,99,141,3.14
104,100,643,14.3
104,101,207,4.6
104,102,581,12.92
104,103,149,3.31
104,104,195,4.34
104,106,26,0.58
104,107,400,8.89
104,108,1,0.02
104,109,139,2.26
104,110,708,11.52
104,111,551,8.96
104,112,121,1.97
104,113,841,13.68
104,114,45,0.73
104,117,170,2.77
104,118,44,0.37
104,119,136,1.15
104,121,833,7.04
104,125,134,1.13
104,126,716,6.05
104,127,953,8.06
105,17,172,0.17
105,18,0,0
105,20,467,6.1
105,21,414,5.41
105,27,22,0.29
105,28,6,0
105,30,0,0
105,39,156,4.97
105,41,1368,43.61
105,42,1285,40.96
105,43,1033,32.93
105,44,36,1.15
105,45,288,9.18
105,46,0,0
105,47,0,0
105,49,612,1.55
105,50,1165,2.95
105,51,1714,4.34
105,52,1310,3.32
105,53,87,0.22
105,74,286,0.88
105,76,531,1.64
105,85,229,2.96
105,86,421,5.45
105,87,99,1.28
105,88,182,1.2
105,91,455,3
105,92,441,2.91
105,93,282,1.86
105,94,1273,8.39
105,95,38,0.25
105,96,159,1.05
105,97,97,0.64
105,99,282,6.27
105,100,444,9.87
105,101,319,7.09
105,102,340,7.56
105,103,137,3.05
105,106,0,0
105,107,619,13.76
105,108,954,15.52
105,109,302,4.91
105,110,698,11.35
105,111,768,12.49
105,112,1315,21.39
105,113,1103,17.94
105,114,254,4.13
105,116,618,10.05
105,117,233,3.79
105,118,705,5.96
105,120,556,4.7
105,121,394,3.33
105,124,25,0.21
105,125,304,2.57
105,126,1083,9.16
105,127,663,5.61
106,0,377,6.47
106,1,0,0
106,2,195,3.35
106,16,501,0.48
106,20,399,5.21
106,30,44,0
106,32,219,0
106,41,1159,36.95
106,42,147,4.69
106,43,62,1.98
106,45,0,0
106,46,0,0
106,47,640,20.4
106,48,656,1.66
106,49,1439,3.64
106,50,654,1.66
106,51,1493,3.78
106,52,1126,2.85
106,68,259,0.8
106,69,369,1.14
106,74,123,0.38
106,76,25,0.08
106,87,142,1.84
106,88,523,3.45
106,90,270,1.78
106,91,173,1.14
106,93,226,1.49
106,94,449,2.96
106,95,1595,10.52
106,96,301,1.98
106,97,458,3.02
106,98,428,9.52
106,99,786,17.48
106,100,58,1.29
106,101,84,1.87
106,102,6,0.13
106,108,127,2.07
106,109,1583,25.75
106,110,515,8.38
106,111,671,10.92
106,112,618,10.05
106,113,1391,22.63
106,115,210,3.42
106,116,608,9.89
106,117,674,10.96
106,118,1226,10.37
106,119,0,0
106,121,335,2.83
106,124,128,1.08
106,125,371,3.14
106,126,505,4.27
107,0,720,12.35
107,1,92,1.58
107,14,158,0.15
107,15,604,0.58
107,16,827,0.8
107,17,213,0.2
107,19,385,5.03
107,24,72,0.94
107,44,502,16
107,45,348,11.09
107,46,204,6.5
107,47,1144,36.47
107,48,327,0.83
107,49,1022,2.59
107,50,1429,3.62
107,51,1603,4.06
107,52,537,1.36
107,68,24,0.07
107,69,219,0.68
107,88,0,0
107,89,1216,8.02
107,93,180,1.19
107,94,347,2.29
107,95,56,0.37
107,96,1091,7.19
107,97,693,4.57
107,98,63,1.4
107,99,46,1.02
107,101,854,18.99
107,102,128,2.85
107,108,218,3.55
107,109,421,6.85
107,113,58,0.94
107,114,127,2.07
107,115,273,4.44
107,116,248,4.03
107,117,150,2.44
107,120,271,2.29
107,121,30,0.25
107,124,39,0.33
107,125,905,7.65
107,126,694,5.87
107,127,229,1.94
108,0,310,5.32
108,1,30,0.51
108,2,288,4.94
108,3,849,14.57
108,12,362,0.35
108,13,870,0.84
108,14,72,0.07
108,16,469,0.45
108,17,0,0
108,19,77,1.01
108,42,40,1.28
108,43,90,2.87
108,44,318,10.14
108,45,98,3.12
108,46,702,22.38
108,47,414,13.2
108,48,340,0.86
108,49,1676,4.25
108,50,935,2.37
108,51,1281,3.24
108,53,236,0.6
108,62,77,0.57
108,65,27,0.2
108,66,978,7.18
108,67,58,0.43
108,80,88,1.14
108,81,470,6.08
108,88,59,0.39
108,89,664,4.38
108,90,260,1.71
108,92,139,0.92
108,93,643,4.24
108,94,1083,7.14
108,95,538,3.55
108,96,686,4.52
108,97,929,6.13
108,98,351,7.8
108,99,959,21.32
108,100,5,0.11
108,101,144,3.2
108,106,152,3.38
108,107,527,11.72
108,109,228,3.71
108,110,158,2.57
108,111,81,1.32
108,116,648,10.54
108,117,333,5.42
108,118,226,1.91
108,119,898,7.59
108,124,0,0
108,125,784,6.63
108,126,473,4
108,127,643,5.44
109,0,98,1.68
109,1,1,0.02
109,2,145,2.49
109,3,170,2.92
109,9,84,0.08
109,10,136,0.13
109,11,442,0.42
109,12,628,0.6
109,13,718,0.69
109,14,1024,0.98
109,21,104,1.36
109,43,1001,31.91
109,49,1096,2.78
109,50,174,0.44
109,51,0,0
109,52,0,0
109,59,337,2.47
109,61,143,1.05
109,62,237,1.74
109,64,50,0.37
109,65,408,3
109,66,745,5.47
109,67,972,7.14
109,68,743,2.29
109,72,416,1.28
109,73,608,1.88
109,74,627,1.93
109,80,336,4.35
109,81,345,4.47
109,87,1073,13.89
109,88,829,5.47
109,90,86,0.57
109,91,455,3
109,93,599,3.95
109,94,260,1.71
109,95,655,4.32
109,96,637,4.2
109,97,315,2.08
109,98,206,4.58
109,99,180,4
109,104,265,5.89
109,105,179,3.98
109,106,191,4.25
109,111,286,4.65
109,114,246,4
109,115,300,4.88
109,116,1091,17.75
109,117,34,0.55
109,118,329,2.78
109,119,316,2.67
109,120,740,6.26
109,124,512,4.33
109,125,458,3.87
109,126,650,5.5
109,127,565,4.78
110,1,0,0
110,2,72,0.41
110,3,1048,5.93
110,7,15,0.08
110,8,75,1.89
110,9,0,0
110,10,239,6.03
110,11,696,17.55
110,12,697,17.57
110,13,1109,27.96
110,14,1078,27.18
110,15,1,0.03
110,16,1396,35.19
110,17,217,5.47
110,22,101,0
110,23,49,0
110,57,1,0
110,58,165,2.65
110,62,71,1.14
110,63,343,5.5
110,64,410,6.57
110,65,769,12.33
110,66,1072,17.18
110,67,656,10.52
110,68,485,9.06
110,69,1248,23.31
110,70,350,6.54
110,74,634,11.84
110,78,435,2.43
110,86,49,0.27
110,87,665,3.71
110,88,328,1.4
110,89,217,0.93
110,90,38,0.16
110,91,373,1.6
110,92,165,0.71
110,93,634,2.71
110,94,35,0.15
110,95,228,0.98
110,96,244,1.04
110,97,515,2.2
110,102,0,0
110,103,87,0.99
110,104,188,2.14
110,106,34,0.39
110,107,374,4.26
110,108,198,1.92
110,109,544,5.29
110,113,153,1.49
110,115,902,8.77
110,116,1013,9.84
110,118,588,6.17
110,121,318,3.34
110,122,114,1.2
110,124,561,5.88
110,125,292,3.06
110,126,514,5.39
110,127,395,4.14
111,1,462,2.61
111,2,108,0.61
111,3,417,2.36
111,4,2,0.01
111,5,500,2.83
111,6,456,2.58
111,7,394,2.23
111,8,0,0
111,9,71,1.79
111,10,792,19.97
111,11,1516,38.22
111,12,1731,43.64
111,13,2007,50.6
111,14,1224,30.86
111,15,941,23.72
111,16,948,23.9
111,17,434,10.94
111,22,139,0
111,23,64,0
111,26,0,0
111,27,0,0
111,41,78,0
111,61,403,6.46
111,62,885,14.19
111,63,1138,18.24
111,64,751,12.04
111,65,475,7.61
111,66,38,0.61
111,67,724,11.61
111,68,89,1.66
111,69,839,15.67
111,70,613,11.45
111,74,158,2.95
111,75,474,8.85
111,78,397,2.21
111,79,0,0
111,80,0,0
111,86,371,2.07
111,87,550,3.07
111,88,606,2.59
111,90,303,1.3
111,91,975,4.17
111,92,1138,4.87
111,93,48,0.21
111,95,1145,4.9
111,106,336,3.82
111,107,563,6.41
111,108,376,3.65
111,109,592,5.75
111,111,109,1.06
111,112,85,0.83
111,113,751,7.3
111,114,191,1.86
111,115,1246,12.11
111,116,706,6.86
111,117,433,4.21
111,118,795,8.34
111,121,121,1.27
111,124,361,3.79
111,125,147,1.54
111,126,436,4.57
111,127,60,0.63
112,0,1326,7.5
112,1,1311,7.41
112,2,836,4.73
112,3,307,1.74
112,4,583,3.3
112,5,812,4.59
112,6,461,2.61
112,7,191,1.08
112,8,734,18.5
112,9,1313,33.1
112,10,1267,31.94
112,11,1541,38.85
112,12,380,9.58
112,13,209,5.27
112,14,585,14.75
112,15,1128,28.44
112,16,657,16.56
112,17,62,1.56
112,18,101,0
112,22,481,0
112,32,55,0
112,41,288,0
112,57,0,0
112,60,966,15.49
112,61,679,10.88
112,62,345,5.53
112,63,610,9.78
112,64,481,7.71
112,65,523,8.38
112,66,709,11.37
112,67,298,4.78
112,68,232,4.33
112,70,348,6.5
112,72,84,1.57
112,74,172,3.21
112,75,280,5.23
112,78,326,1.82
112,79,85,0.47
112,80,0,0
112,81,199,1.11
112,85,1,0.01
112,86,648,3.61
112,87,279,1.56
112,88,50,0.21
112,90,188,0.8
112,91,569,2.44
112,92,435,1.86
112,93,313,1.34
112,94,0,0
112,95,2578,11.03
112,106,61,0.69
112,107,66,0.75
112,108,318,3.09
112,109,145,1.41
112,110,78,0.76
112,111,513,4.99
112,112,598,5.81
112,113,919,8.93
112,114,484,4.7
112,115,308,2.99
112,116,184,1.79
112,117,1198,11.64
112,119,63,0.66
112,120,501,5.25
112,121,451,4.73
112,123,88,0.92
112,124,84,0.88
112,125,438,4.59
112,126,268,2.81
113,0,420,2.38
113,2,940,5.32
113,4,582,3.29
113,5,238,1.35
113,6,179,1.01
113,7,1043,5.9
113,8,150,3.78
113,9,742,18.71
113,10,468,11.8
113,12,224,5.65
113,13,271,6.83
113,14,629,15.86
113,15,161,4.06
113,16,208,5.24
113,17,12,0.3
113,18,326,0
113,32,0,0
113,41,306,0
113,42,72,0
113,56,61,0.21
113,57,371,1.26
113,59,134,2.15
113,60,285,4.57
113,61,249,3.99
113,62,3,0.05
113,64,830,13.31
113,65,55,0.88
113,66,409,6.56
113,67,243,3.9
113,68,160,2.99
113,69,20,0.37
113,80,407,2.27
113,81,1362,7.6
113,82,50,0.28
113,83,1218,6.79
113,87,898,5.01
113,88,0,0
113,90,109,0.47
113,91,308,1.32
113,92,0,0
113,93,0,0
113,94,0,0
113,95,151,0.65
113,100,152,1.73
113,102,0,0
113,105,235,2.68
113,106,202,2.3
113,107,744,8.47
113,108,715,6.95
113,109,369,3.59
113,110,278,2.7
113,111,697,6.77
113,112,1118,10.86
113,113,263,2.56
113,114,329,3.2
113,115,183,1.78
113,116,478,4.65
113,117,505,4.91
113,118,20,0.21
113,119,136,1.43
113,120,330,3.46
113,121,39,0.41
113,123,146,1.53
113,124,122,1.28
113,125,732,7.68
113,126,239,2.51
114,1,240,1.36
114,4,369,2.09
114,6,72,0.41
114,7,200,1.13
114,10,0,0
114,11,0,0
114,12,413,10.41
114,13,126,3.18
114,14,833,21
114,15,1143,28.82
114,16,0,0
114,19,271,0
114,20,800,0
114,42,70,0
114,56,56,0.19
114,63,19,0.3
114,64,331,5.31
114,65,537,8.61
114,66,1099,17.62
114,67,101,1.62
114,68,199,3.72
114,69,884,16.51
114,75,81,1.51
114,76,50,0.93
114,77,283,5.29
114,78,82,0.46
114,79,313,1.75
114,80,1,0.01
114,81,156,0.87
114,82,413,2.3
114,83,860,4.8
114,84,255,1.42
114,85,3,0.02
114,87,160,0.89
114,88,320,1.37
114,91,522,2.23
114,92,3,0.01
114,93,0,0
114,94,0,0
114,95,0,0
114,96,1292,5.53
114,97,796,3.41
114,98,670,7.63
114,100,648,7.38
114,101,0,0
114,102,0,0
114,105,174,1.98
114,106,522,5.94
114,107,218,2.48
114,108,401,3.9
114,109,223,2.17
114,110,511,4.97
114,111,394,3.83
114,112,354,3.44
114,113,686,6.67
114,114,696,6.76
114,115,563,5.47
114,116,548,5.33
114,117,318,3.09
114,118,516,5.41
114,119,239,2.51
114,120,146,1.53
114,123,78,0.82
114,124,866,9.08
114,125,3,0.03
115,0,231,1.31
115,1,347,1.96
115,2,14,0.08
115,6,372,2.1
115,7,346,1.96
115,9,201,5.07
115,10,155,3.91
115,11,371,9.35
115,12,317,7.99
115,13,313,7.89
115,14,1257,31.69
115,15,453,11.42
115,16,265,6.68
115,17,270,6.81
115,19,215,0
115,20,752,0
115,42,213,0
115,43,0,0
115,55,24,0.08
115,56,179,0.61
115,57,17,0.06
115,58,247,3.96
115,60,310,4.97
115,61,121,1.94
115,63,0,0
115,64,274,4.39
115,65,435,6.97
115,66,527,8.45
115,67,141,2.26
115,68,246,4.6
115,69,80,1.49
115,72,365,6.82
115,73,87,1.63
115,78,132,0.74
115,79,1025,5.72
115,80,659,3.68
115,81,542,3.02
115,83,147,0.82
115,85,336,1.87
115,91,1190,5.09
115,92,228,0.98
115,93,0,0
115,94,0,0
115,95,229,0.98
115,96,2846,12.18
115,97,1072,4.59
115,98,1075,12.24
115,99,86,0.98
115,101,0,0
115,102,0,0
115,105,316,3.6
115,106,828,9.43
115,107,393,4.47
115,108,574,5.58
115,109,9,0.09
115,110,264,2.57
115,111,174,1.69
115,112,863,8.39
115,113,682,6.63
115,115,536,5.21
115,116,373,3.62
115,117,704,6.84
115,118,449,4.71
115,119,992,10.4
115,120,333,3.49
115,123,147,1.54
115,124,181,1.9
115,125,39,0.41
116,6,0,0
116,7,271,1.53
116,8,124,3.13
116,9,872,21.98
116,11,175,4.41
116,12,36,0.91
116,13,4,0.1
116,14,387,9.76
116,15,33,0.83
116,16,1594,40.19
116,17,873,22.01
116,19,179,0
116,20,129,0
116,55,0,0
116,56,67,0.23
116,57,70,0.24
116,59,282,4.52
116,60,305,4.89
116,62,388,6.22
116,63,267,4.28
116,64,330,5.29
116,65,491,7.87
116,66,154,2.47
116,73,349,6.52
116,81,413,2.3
116,82,335,1.87
116,83,528,2.94
116,84,99,0.55
116,93,0,0
116,94,330,1.41
116,96,157,0.67
116,97,803,3.44
116,98,707,8.05
116,99,375,4.27
116,103,233,2.65
116,106,1177,13.4
116,107,239,2.72
116,108,352,3.42
116,109,311,3.02
116,110,359,3.49
116,111,27,0.26
116,112,380,3.69
116,113,130,1.26
116,114,209,2.03
116,115,372,3.62
116,116,229,2.23
116,117,652,6.34
116,118,577,6.05
116,119,462,4.85
116,120,404,4.24
116,121,0,0
116,122,188,1.97
116,123,19,0.2
116,124,459,4.81
116,127,293,3.07
117,7,618,3.49
117,10,122,3.08
117,11,977,24.63
117,12,1461,36.83
117,13,989,24.93
117,14,186,4.69
117,15,508,12.81
117,16,504,12.71
117,17,474,11.95
117,18,177,0
117,45,0,0
117,46,40,0
117,47,278,0
117,48,261,0.89
117,49,248,0.84
117,50,404,1.37
117,51,172,0.59
117,57,252,0.86
117,58,106,1.7
117,59,169,2.71
117,60,178,2.85
117,62,421,6.75
117,63,167,2.68
117,64,1081,17.33
117,65,707,11.33
117,66,373,5.98
117,67,254,4.07
117,68,171,3.19
117,76,204,3.81
117,77,551,10.29
117,81,163,0.91
117,82,364,2.03
117,83,388,2.16
117,84,17,0.09
117,85,46,0.26
117,87,124,0.69
117,90,488,2.09
117,94,266,1.14
117,95,41,0.18
117,96,144,0.62
117,97,396,1.69
117,98,166,1.89
117,99,977,11.12
117,103,183,2.08
117,105,461,5.25
117,106,1002,11.41
117,107,329,3.75
117,108,125,1.21
117,110,266,2.59
117,112,231,2.24
117,113,600,5.83
117,114,657,6.38
117,115,729,7.08
117,116,537,5.22
117,117,692,6.72
117,118,230,2.41
117,119,248,2.6
117,120,90,0.94
117,122,199,2.09
117,124,286,3
117,126,258,2.71
117,127,147,1.54
118,7,1,0.01
118,8,387,9.76
118,10,559,14.09
118,11,156,3.93
118,12,824,20.77
118,13,1988,50.12
118,14,1295,32.65
118,15,960,24.2
118,16,1440,36.3
118,17,1024,25.82
118,18,385,0
118,47,276,0
118,48,131,0.45
118,50,268,0.91
118,51,330,1.12
118,52,232,0.79
118,56,161,0.55
118,57,874,2.97
118,58,190,3.05
118,59,1080,17.31
118,60,676,10.84
118,61,333,5.34
118,63,214,3.43
118,64,1182,18.95
118,65,338,5.42
118,66,689,11.04
118,67,240,3.85
118,75,447,8.35
118,76,692,12.93
118,77,390,7.28
118,82,73,0.41
118,83,556,3.1
118,84,414,2.31
118,85,847,4.72
118,86,423,2.36
118,87,456,2.54
118,90,159,0.68
118,94,0,0
118,95,205,0.88
118,96,722,3.09
118,97,1149,4.92
118,98,566,6.44
118,99,303,3.45
118,103,494,5.62
118,105,271,3.08
118,106,577,6.57
118,107,798,9.08
118,108,84,0.82
118,109,195,1.9
118,110,0,0
118,112,173,1.68
118,113,236,2.29
118,114,1062,10.32
118,115,762,7.41
118,116,860,8.36
118,117,381,3.7
118,119,116,1.22
118,120,156,1.64
118,123,350,3.67
118,124,371,3.89
118,125,219,2.3
118,126,622,6.52
118,127,144,1.51
119,7,118,0.67
119,8,287,7.24
119,9,838,21.13
119,12,269,6.78
119,13,865,21.81
119,14,1346,33.93
119,15,1713,43.19
119,16,490,12.35
119,17,1288,32.47
119,18,573,0
119,19,129,0
119,46,10,0
119,47,236,0
119,48,242,0.82
119,49,263,0.89
119,50,241,0.82
119,51,640,2.18
119,52,242,0.82
119,56,72,0.24
119,59,484,7.76
119,60,507,8.13
119,61,386,6.19
119,62,752,12.05
119,63,1006,16.13
119,64,791,12.68
119,65,230,3.69
119,67,241,3.86
119,74,292,5.45
119,75,259,4.84
119,76,79,1.48
119,77,204,3.81
119,80,212,1.18
119,81,23,0.13
119,83,323,1.8
119,84,61,0.34
119,85,209,1.17
119,86,536,2.99
119,87,449,2.5
119,91,278,1.19
119,92,351,1.5
119,94,52,0.22
119,95,777,3.33
119,96,162,0.69
119,97,432,1.85
119,98,1016,11.57
119,99,1132,12.89
119,101,0,0
119,102,0,0
119,103,221,2.52
119,105,638,7.26
119,106,281,3.2
119,107,351,4
119,108,563,5.47
119,109,1114,10.83
119,110,35,0.34
119,111,135,1.31
119,112,308,2.99
119,113,348,3.38
119,114,441,4.29
119,115,665,6.46
119,116,818,7.95
119,117,270,2.62
119,118,25,0.26
119,119,480,5.03
119,123,111,1.16
119,124,408,4.28
119,125,215,2.25
119,126,354,3.71
119,127,244,2.56
120,7,370,3.51
120,8,592,4.92
120,9,910,7.57
120,10,584,4.86
120,12,177,1.47
120,13,781,6.5
120,14,1144,9.52
120,15,638,5.31
120,16,60,0.5
120,17,570,4.74
120,18,327,0
120,19,147,0
120,24,0,0
120,25,0,0
120,26,0,0
120,27,0,0
120,29,93,0
120,48,144,3.49
120,56,325,7.87
120,58,382,21.67
120,59,500,28.36
120,60,288,16.34
120,61,299,16.96
120,62,306,17.36
120,63,152,8.62
120,64,724,41.07
120,65,692,39.26
120,66,508,28.82
120,67,26,1.47
120,75,33,0
120,80,21,0.18
120,81,257,2.16
120,82,272,2.29
120,86,198,1.66
120,87,206,1.73
120,88,313,3.29
120,89,19,0.2
120,91,166,1.74
120,94,0,0
120,95,1026,10.79
120,96,411,4.32
120,97,982,10.32
120,100,5,0.08
120,101,409,6.46
120,102,779,12.3
120,103,330,5.21
120,104,37,0.58
120,105,240,3.79
120,106,449,7.09
120,107,716,11.3
120,108,425,8.09
120,109,901,17.14
120,110,1111,21.14
120,111,913,17.37
120,112,262,4.98
120,114,679,12.92
120,115,784,14.92
120,116,566,10.77
120,117,1734,32.99
120,118,480,5.89
120,119,42,0.52
120,123,626,7.69
120,124,240,2.95
120,125,258,3.17
120,126,469,5.76
120,127,345,4.24
121,6,761,7.22
121,7,285,2.7
121,8,427,3.55
121,9,784,6.52
121,10,809,6.73
121,11,561,4.67
121,12,501,4.17
121,13,104,0.87
121,14,968,8.05
121,15,356,2.96
121,16,0,0
121,17,120,1
121,18,603,0
121,19,409,0
121,20,19,0
121,29,284,0
121,47,0,0
121,48,325,7.87
121,49,585,14.16
121,50,216,5.23
121,57,141,3.41
121,58,336,19.06
121,59,348,19.74
121,60,93,5.28
121,61,235,13.33
121,62,149,8.45
121,63,250,14.18
121,64,290,16.45
121,65,404,22.92
121,66,130,7.37
121,67,97,5.5
121,79,319,2.68
121,82,607,5.1
121,83,74,0.62
121,86,21,0.18
121,87,569,4.78
121,88,770,8.09
121,89,50,0.53
121,91,224,2.35
121,92,1086,11.42
121,94,288,3.03
121,96,201,2.11
121,97,1132,11.9
121,98,686,10.83
121,99,509,8.03
121,100,476,7.51
121,101,335,5.29
121,102,639,10.09
121,103,200,3.16
121,104,245,3.87
121,105,634,10.01
121,106,357,5.64
121,107,936,14.78
121,108,1023,19.46
121,109,483,9.19
121,110,446,8.49
121,111,262,4.98
121,112,177,3.37
121,113,1100,20.93
121,114,250,4.76
121,115,673,12.8
121,117,869,16.53
121,118,640,7.86
121,119,478,5.87
121,120,19,0.23
121,122,176,2.16
121,123,129,1.58
121,124,759,9.32
121,125,923,11.33
121,126,969,11.9
121,127,24,0.29
122,8,470,3.91
122,9,451,3.75
122,10,260,2.16
122,12,1532,12.74
122,13,1006,8.37
122,14,1392,11.58
122,15,86,0.72
122,16,0,0
122,17,439,3.65
122,20,0,0
122,21,0,0
122,49,310,7.51
122,51,22,0.53
122,52,449,10.87
122,57,190,4.6
122,60,886,50.26
122,61,249,14.13
122,64,42,2.38
122,65,680,38.57
122,67,4,0.23
122,86,568,4.77
122,87,295,2.48
122,88,33,0.35
122,89,769,8.08
122,91,91,0.96
122,92,415,4.36
122,94,64,0.67
122,95,778,8.18
122,96,487,5.12
122,97,659,6.93
122,98,133,2.1
122,100,71,1.12
122,102,233,3.68
122,103,283,4.47
122,104,225,3.55
122,105,1275,20.13
122,106,177,2.79
122,107,427,6.74
122,108,490,9.32
122,109,568,10.81
122,110,966,18.38
122,111,0,0
122,112,43,0.82
122,113,0,0
122,114,730,13.89
122,115,943,17.94
122,116,781,14.86
122,117,457,8.69
122,118,635,7.8
122,119,346,4.25
122,122,173,2.12
122,123,166,2.04
122,124,104,1.28
122,125,686,8.42
122,126,702,8.62
122,127,489,6
123,0,193,1.83
123,8,270,2.25
123,9,80,0.67
123,11,684,5.69
123,12,576,4.79
123,13,656,5.46
123,14,440,3.66
123,16,276,2.3
123,17,11,0.09
123,51,214,5.18
123,52,1,0.02
123,57,319,7.72
123,58,2,0.11
123,59,67,3.8
123,60,286,16.22
123,61,141,8
123,62,409,23.2
123,64,389,22.07
123,65,781,44.3
123,86,216,1.81
123,91,689,7.24
123,92,111,1.17
123,93,590,6.2
123,94,727,7.64
123,95,414,4.35
123,96,97,1.02
123,97,462,4.86
123,99,467,7.37
123,100,929,14.66
123,101,579,9.14
123,102,220,3.47
123,103,87,1.37
123,104,275,4.34
123,105,409,6.46
123,106,542,8.56
123,107,441,6.96
123,109,396,7.53
123,110,682,12.97
123,111,326,6.2
123,112,1089,20.72
123,113,685,13.03
123,114,998,18.99
123,115,109,2.07
123,116,277,5.27
123,117,380,7.23
123,120,136,1.67
123,122,196,2.41
123,123,238,2.92
123,124,386,4.74
123,125,319,3.92
123,126,929,11.41
123,127,220,2.7
124,0,862,8.18
124,1,0,0
124,11,382,3.18
124,12,394,3.28
124,13,648,5.39
124,14,273,2.27
124,15,0,0
124,51,243,5.88
124,52,146,3.53
124,57,120,2.91
124,58,290,16.45
124,59,1342,76.13
124,60,209,11.86
124,61,172,9.76
124,72,130,0
124,73,312,0
124,77,192,0
124,82,281,2.36
124,90,122,1.28
124,91,642,6.75
124,92,1347,14.16
124,93,368,3.87
124,94,880,9.25
124,95,252,2.65
124,96,516,5.42
124,97,437,4.59
124,99,226,3.57
124,100,156,2.46
124,101,636,10.04
124,102,59,0.93
124,103,230,3.63
124,104,1564,24.69
124,105,247,3.9
124,106,0,0
124,108,733,13.95
124,109,470,8.94
124,110,389,7.4
124,111,857,16.3
124,112,545,10.37
124,113,508,9.66
124,114,1122,21.35
124,115,1064,20.24
124,116,950,18.07
124,117,208,3.96
124,118,366,4.49
124,119,193,2.37
124,120,190,2.33
124,121,53,0.65
124,122,397,4.87
124,123,524,6.43
124,124,542,6.65
124,125,87,1.07
124,126,381,4.68
124,127,189,2.32
125,0,1434,13.61
125,1,201,1.91
125,11,214,1.78
125,12,775,6.45
125,13,95,0.79
125,14,0,0
125,15,0,0
125,47,265,0
125,52,4,0.1
125,53,175,4.24
125,57,370,8.96
125,58,282,16
125,77,207,0
125,91,474,4.98
125,92,345,3.63
125,93,151,1.59
125,94,603,6.34
125,95,1110,11.67
125,96,1119,11.76
125,98,414,6.54
125,99,86,1.36
125,100,308,4.86
125,101,360,5.68
125,102,415,6.55
125,103,412,6.5
125,104,427,6.74
125,105,349,5.51
125,106,117,1.85
125,107,278,4.39
125,108,566,10.77
125,109,116,2.21
125,110,466,8.87
125,111,1121,21.33
125,112,1845,35.1
125,113,800,15.22
125,114,321,6.11
125,115,493,9.38
125,116,369,7.02
125,117,541,10.29
125,118,387,4.75
125,119,338,4.15
125,123,640,7.86
125,124,271,3.33
125,125,237,2.91
125,126,582,7.15
125,127,680,8.35
126,0,174,1.65
126,1,745,7.07
126,2,208,1.97
126,3,567,5.38
126,4,80,0.76
126,10,35,0.29
126,11,187,1.56
126,12,392,3.26
126,13,7,0.06
126,19,220,0
126,23,169,0
126,52,316,7.65
126,53,142,3.44
126,57,289,7
126,59,395,22.41
126,60,153,8.68
126,64,219,12.42
126,77,433,0
126,78,392,3.29
126,79,198,1.66
126,86,608,5.11
126,87,229,1.92
126,88,0,0
126,91,416,4.37
126,92,1243,13.07
126,93,844,8.87
126,94,9,0.09
126,95,1335,14.03
126,96,2135,22.44
126,97,65,0.68
126,98,540,8.52
126,99,360,5.68
126,101,204,3.22
126,102,349,5.51
126,103,611,9.64
126,104,437,6.9
126,105,816,12.88
126,106,1195,18.86
126,107,713,11.25
126,108,1177,22.39
126,109,2374,45.16
126,110,2260,43
126,111,893,16.99
126,112,655,12.46
126,113,927,17.64
126,114,383,7.29
126,115,58,1.1
126,116,127,2.42
126,117,142,2.7
126,118,481,5.91
126,119,288,3.54
126,122,111,1.36
126,123,246,3.02
126,124,655,8.04
126,125,392,4.81
126,126,620,7.61
126,127,473,5.81
127,0,417,3.96
127,1,657,6.23
127,2,207,1.96
127,3,359,3.41
127,4,701,6.65
127,5,425,4.03
127,6,305,2.89
127,7,314,2.98
127,8,145,1.21
127,10,367,3.05
127,11,215,1.79
127,47,1,0
127,48,1,0.02
127,49,0,0
127,56,114,2.76
127,57,210,5.08
127,58,258,14.64
127,59,272,15.43
127,60,579,32.85
127,63,202,11.46
127,64,207,11.74
127,65,482,27.34
127,75,55,0
127,76,492,0
127,77,237,0
127,78,287,2.41
127,79,434,3.65
127,80,343,2.88
127,81,1071,9
127,82,59,0.5
127,83,216,1.81
127,84,69,0.58
127,85,372,3.13
127,86,780,6.55
127,87,384,3.23
127,88,200,2.1
127,89,307,3.23
127,91,655,6.89
127,92,448,4.71
127,93,962,10.11
127,95,243,2.55
127,96,430,4.52
127,97,814,8.56
127,98,1653,26.09
127,99,745,11.76
127,100,985,15.55
127,101,555,8.76
127,102,57,0.9
127,103,371,5.86
127,104,557,8.79
127,105,540,8.52
127,106,1029,16.24
127,107,1461,23.06
127,108,2041,38.83
127,109,2879,54.77
127,110,2512,47.79
127,111,554,10.54
127,112,1327,25.25
127,113,245,4.66
127,114,1207,22.96
127,115,890,16.93
127,116,215,4.09
127,117,154,2.93
127,118,193,2.37
127,119,305,3.74
127,120,64,0.79
127,123,140,1.72
127,124,362,4.44
127,125,655,8.04
127,126,374,4.59
127,127,259,3.18
