x,y,residential_floor_area,TOT_P_2021
0,0,1390,8.96
0,1,2158,13.91
0,2,932,6.01
0,4,1084,3.38
0,8,180,0.56
0,9,131,0.84
0,10,1023,6.56
0,11,1088,6.98
0,15,691,3.98
0,16,1146,6.61
0,51,1558,4.02
0,52,0,0
0,59,0,0
0,61,401,4.08
0,62,3780,38.51
0,63,5006,50.99
0,64,5893,46.76
0,65,6238,49.5
0,66,4913,38.98
0,67,1640,13.01
0,68,2398,19.02
0,69,3376,28.12
0,70,2397,19.97
0,71,906,7.55
0,72,887,7.38
0,73,0,0
0,76,1325,6.98
0,77,904,4.76
0,85,1408,5.84
0,87,326,1.35
0,95,92,0.38
0,96,191,0.79
0,97,2091,8.63
0,98,511,2.11
0,99,1153,4.25
0,101,780,2.87
0,108,394,0.89
0,109,11,0.04
0,110,7029,26.65
0,111,4067,15.42
0,112,672,2.55
0,113,8,0.03
0,114,4,0.01
0,121,5,0.01
0,122,855,2.47
0,123,516,1.5
0,124,820,3.12
0,125,1194,4.54
0,126,9,0.03
0,5,3,0.01
0,7,0,0
0,13,7,0.04
0,14,11,0.06
0,26,320,1.21
0,36,343,2.58
0,45,812,2.04
0,50,433,1.12
0,84,244,1.01
0,86,886,3.67
0,90,970,3.66
0,92,2,0.01
0,100,2,0.01
0,103,39,0.14
0,115,42,0.15
0,127,102,0.39
1,0,1211,7.8
1,4,591,1.84
1,5,704,2.2
1,6,214,0.67
1,8,110,0.34
1,11,1048,6.72
1,13,558,3.58
1,14,654,3.77
1,15,414,2.39
1,26,94,0.35
1,30,684,2.69
1,31,974,3.84
1,36,794,5.98
1,38,335,2.53
1,39,0,0
1,40,0,0
1,43,18,0.1
1,49,937,2.42
1,50,7,0.02
1,51,353,0.91
1,61,878,8.94
1,62,1326,13.51
1,63,4362,44.44
1,64,6814,54.07
1,65,9117,72.34
1,66,9807,77.82
1,67,5489,43.56
1,69,117,0.97
1,70,1270,10.58
1,71,363,3.02
1,72,221,1.84
1,73,1,0.01
1,74,305,1.61
1,77,183,0.96
1,80,503,2.13
1,84,4,0.02
1,90,1113,4.2
1,92,8,0.03
1,98,873,3.6
1,99,470,1.74
1,100,3097,11.4
1,101,976,3.6
1,105,64,0.14
1,110,12168,46.13
1,111,10860,41.17
1,112,272,1.03
1,115,166,0.58
1,126,2100,7.99
1,127,3165,12.02
1,7,686,2.14
1,9,269,1.72
1,12,357,2.29
1,45,228,0.57
1,68,1,0.01
1,75,302,1.59
1,79,0,0
1,82,472,2
1,89,706,2.66
1,116,658,2.29
2,4,196,1.36
2,10,778,3.4
2,11,152,0.66
2,12,371,1.62
2,15,0,0
2,24,909,1.6
2,25,557,0.98
2,34,273,1.56
2,35,0,0
2,36,1586,9.06
2,38,1833,10.47
2,39,40,0.12
2,42,659,1.95
2,53,370,1.14
2,61,1035,7.22
2,62,1772,12.37
2,63,411,2.87
2,64,2563,20.61
2,65,4412,35.48
2,66,5826,46.84
2,67,2681,21.56
2,69,739,4
2,73,393,2.13
2,74,2,0.01
2,75,25,0.14
2,77,95,0.51
2,78,529,2.85
2,82,11,0.04
2,89,487,1.75
2,100,264,0.96
2,104,2093,7.57
2,112,23,0.03
2,115,48,0.08
2,116,566,0.91
2,121,14,0.05
2,126,543,1.32
2,127,10108,24.66
2,7,0,0
2,8,0,0
2,9,79,0.35
2,18,33,0.14
2,19,1056,5.43
2,32,148,0.65
2,41,963,2.84
2,58,1422,3.07
2,59,428,2.99
2,60,71,0.5
2,68,1024,8.24
2,76,1198,6.47
2,79,0,0
2,87,289,1.34
2,90,30,0.11
2,103,787,2.87
2,105,1488,5.38
2,106,2553,9.24
2,109,4,0.01
2,110,255,0.32
2,111,629,0.8
2,123,1294,4.83
2,124,2004,4.89
3,7,2,0.01
3,8,1146,7.97
3,14,818,3.4
3,18,357,1.49
3,19,2,0.01
3,24,806,1.42
3,31,47,0.21
3,32,1734,7.58
3,37,333,1.9
3,38,2138,12.21
3,39,273,0.81
3,40,67,0.2
3,41,2356,6.95
3,42,17,0.05
3,45,565,2.11
3,46,1829,6.84
3,53,385,1.18
3,58,744,1.61
3,59,216,1.51
3,60,1236,8.63
3,61,2875,20.07
3,63,576,4.02
3,65,2003,16.1
3,66,71,0.57
3,67,2213,17.8
3,68,3534,28.42
3,69,281,1.52
3,70,626,3.38
3,72,379,2.05
3,75,105,0.57
3,76,571,3.08
3,78,924,4.99
3,79,1172,4.41
3,87,345,1.6
3,88,869,4.02
3,101,1054,3.84
3,102,250,0.91
3,105,102,0.37
3,106,31,0.11
3,110,1282,1.62
3,111,2039,2.59
3,119,8,0.03
3,123,5143,19.16
3,127,5820,14.19
3,0,93,0.47
3,1,224,1.14
3,4,330,2.29
3,10,388,1.7
3,13,446,1.95
3,36,0,0
3,48,631,2.36
3,49,3,0.01
3,57,4,0.01
3,64,201,1.62
3,71,1143,6.19
3,77,65,0.35
3,82,432,1.63
3,83,124,0.47
3,91,1131,4.07
3,122,389,1.45
3,126,440,1.07
4,0,470,2.39
4,1,1123,5.72
4,3,361,1.84
4,4,0,0
4,5,1700,11.82
4,9,0,0
4,10,378,1.65
4,13,3,0.01
4,36,190,1.09
4,37,516,2.95
4,40,135,0.4
4,41,702,2.08
4,48,0,0
4,52,823,2.54
4,55,504,1.09
4,60,2433,16.99
4,61,2544,17.76
4,64,492,3.96
4,65,1500,12.06
4,66,1816,14.59
4,67,267,2.15
4,68,277,2.23
4,69,543,2.94
4,70,59,0.32
4,71,1930,10.44
4,76,425,2.3
4,77,803,4.34
4,79,219,0.82
4,87,68,0.31
4,88,226,1.05
4,102,2882,10.51
4,103,2355,8.59
4,105,262,0.95
4,110,17,0.02
4,122,1664,6.2
4,123,930,3.47
4,126,1906,4.65
4,127,1387,3.38
4,6,223,1.55
4,30,89,0.39
4,35,16,0.09
4,51,1543,4.76
4,80,83,0.31
4,84,687,3.18
4,85,0,0
4,86,1298,6.01
4,96,80,0
4,104,1642,5.94
4,111,4,0.01
4,119,14,0.05
5,2,4569,23.28
5,3,802,4.09
5,4,0,0
5,14,426,1.77
5,15,172,0.72
5,29,1139,4.98
5,30,76,0.33
5,31,2045,8.93
5,32,444,1.94
5,52,361,1.11
5,53,10,0.03
5,60,818,5.71
5,61,2226,15.55
5,62,628,4.39
5,63,435,3.04
5,64,41,0.33
5,65,2405,19.34
5,68,1691,13.59
5,69,1398,7.57
5,70,939,5.09
5,71,327,1.77
5,76,809,4.37
5,83,2947,11.09
5,84,350,1.62
5,85,113,0.52
5,86,747,3.46
5,89,5,0.02
5,90,214,0.77
5,102,6,0.02
5,103,628,2.29
5,104,3013,10.91
5,105,89,0.32
5,106,1478,5.35
5,108,1669,6.04
5,121,6,0.02
5,122,167,0.62
5,1,354,1.8
5,11,609,2.66
5,16,326,1.36
5,17,1,0
5,19,2,0.01
5,36,1275,7.28
5,57,4,0.01
5,67,34,0.27
5,74,74,0.4
5,75,198,1.07
5,77,221,1.19
5,78,0,0
5,81,727,2.73
5,93,70,0.25
5,109,1222,1.55
5,115,8,0.01
5,120,21,0.08
5,123,525,1.95
6,1,24,0.12
6,2,1224,6.24
6,3,325,1.66
6,16,750,3.12
6,19,683,3.52
6,35,592,3.39
6,43,2238,6.61
6,45,2997,11.21
6,51,398,1.22
6,55,1022,2.21
6,57,0,0
6,62,347,2.42
6,64,3663,29.45
6,65,2481,19.95
6,67,1691,13.6
6,68,2266,18.22
6,69,1247,6.76
6,70,894,4.84
6,76,1817,9.82
6,77,1280,6.91
6,78,302,1.63
6,79,1995,7.51
6,82,1285,4.83
6,83,306,1.14
6,86,406,1.88
6,89,207,0.74
6,90,639,2.29
6,93,786,2.83
6,95,18,0
6,98,591,0
6,104,5192,18.78
6,106,423,1.53
6,109,49,0.06
6,119,23,0.09
6,125,4,0.01
6,21,783,4.03
6,46,154,0.58
6,47,775,2.9
6,71,0,0
6,81,0,0
6,91,323,1.16
6,105,141,0.51
7,2,164,0.91
7,3,1892,10.52
7,5,130,0.54
7,23,300,1.93
7,24,683,1.91
7,46,5,0.02
7,55,932,8.71
7,62,11,0.05
7,63,320,1.32
7,64,846,6.58
7,67,1294,10.08
7,69,2706,17.81
7,70,1886,12.41
7,71,324,2.13
7,76,666,3.38
7,77,1409,7.15
7,78,122,0.62
7,79,1309,8.06
7,80,7186,44.25
7,81,0,0
7,82,90,0.55
7,83,713,4.39
7,85,0,0
7,86,0,0
7,91,411,1.7
7,96,246,0.95
7,97,632,2.45
7,103,133,0.55
7,104,1158,3.91
7,105,1131,3.82
7,106,2271,7.67
7,0,20,0.11
7,6,1,0
7,9,35,0.17
7,51,92,0.24
7,53,77,0.2
7,54,123,1.15
7,56,78,0.73
7,65,292,2.27
7,68,1,0.01
7,88,120,0.86
7,100,427,1.78
7,110,432,1.3
7,111,14,0.04
8,2,435,2.42
8,4,344,1.42
8,5,374,1.54
8,6,648,2.66
8,9,1807,8.66
8,12,566,2.71
8,23,24,0.15
8,33,1469,4.68
8,43,3,0.01
8,44,558,2.18
8,51,1592,4.17
8,52,3151,8.25
8,53,63,0.17
8,54,821,7.67
8,60,385,1.58
8,63,694,2.85
8,66,1124,8.75
8,67,565,4.4
8,69,704,4.64
8,70,3217,21.16
8,71,609,4.01
8,72,643,4.24
8,76,0,0
8,79,2420,14.9
8,80,18114,111.54
8,82,952,5.86
8,83,12,0.07
8,88,2,0.01
8,105,1128,3.81
8,106,3173,10.72
8,110,853,2.58
8,111,561,1.7
8,116,2,0.01
8,119,8,0.05
8,0,63,0.35
8,8,596,2.46
8,11,93,0.45
8,14,759,6.81
8,19,37,0.24
8,21,0,0
8,31,283,0.9
8,36,88,0.47
8,55,19,0.18
8,61,568,2.34
8,73,1042,6.86
8,77,180,0.91
8,78,556,2.82
8,81,1010,6.22
8,92,1384,5.72
8,101,0,0
8,107,256,0.86
8,108,554,1.87
8,118,28,0.09
8,124,12,0.04
8,126,20,0.07
9,8,1159,4.77
9,11,36,0.17
9,12,61,0.29
9,13,37,0.18
9,14,26,0.23
9,17,548,4.91
9,18,144,1.29
9,19,1221,7.85
9,21,441,2.84
9,30,1811,5.76
9,36,585,3.13
9,37,0,0
9,52,90,0.24
9,53,7,0.02
9,60,28,0.12
9,61,1196,4.93
9,62,512,2.11
9,63,125,0.51
9,67,3024,23.56
9,69,500,3.29
9,71,1593,10.49
9,73,653,4.3
9,75,642,3.26
9,76,170,0.86
9,77,1108,5.62
9,78,203,1.03
9,79,2034,12.52
9,80,3319,20.43
9,81,2333,14.37
9,82,2908,17.9
9,83,0,0
9,85,5,0.04
9,92,2938,12.13
9,93,2555,10.56
9,106,3072,10.38
9,107,440,1.49
9,108,583,1.97
9,110,532,1.61
9,113,25,0.08
9,114,7,0.03
9,126,221,0.75
9,127,304,1.03
9,1,86,0.48
9,4,188,0.77
9,6,382,1.57
9,42,1141,3.08
9,44,2,0.01
9,68,1595,12.43
9,72,1061,6.98
9,74,614,3.12
9,86,182,1.3
9,91,43,0.18
9,94,299,1.16
9,98,665,2.58
9,99,376,1.57
9,105,117,0.4
9,109,248,0.75
9,117,44,0.14
9,119,2,0.01
9,120,5,0.03
10,0,1005,5.58
10,1,3527,19.61
10,16,926,8.31
10,18,4731,42.46
10,19,703,4.52
10,39,756,2.04
10,42,205,0.55
10,43,36,0.1
10,49,421,1.1
10,53,352,0.92
10,56,10,0.09
10,62,634,2.61
10,67,1182,9.21
10,68,2239,17.44
10,69,303,1.99
10,71,3188,20.98
10,72,4440,29.23
10,73,407,2.68
10,74,3415,17.33
10,75,128,0.65
10,76,633,3.22
10,77,509,2.59
10,81,1023,6.3
10,82,907,5.59
10,83,1681,10.35
10,84,963,6.88
10,86,19,0.14
10,88,18,0.13
10,93,179,0.74
10,94,1645,6.38
10,98,123,0.48
10,99,495,2.06
10,106,9,0.03
10,109,685,2.07
10,110,331,1
10,117,2130,6.95
10,119,1,0.01
10,122,8,0.06
10,127,8,0.03
10,8,254,1.05
10,17,858,7.7
10,33,211,0.67
10,34,330,1.76
10,44,21,0.08
10,45,61,0.24
10,50,5,0.01
10,51,966,2.53
10,54,5,0.05
10,58,146,1.36
10,59,1083,4.46
10,60,276,1.14
10,61,677,2.79
10,70,262,1.72
10,78,5,0.03
10,79,526,3.24
10,80,713,4.39
10,114,321,1.05
10,115,104,0.34
11,0,573,3.19
11,1,174,0.96
11,4,435,1.79
11,6,402,1.66
11,7,463,1.91
11,8,934,3.85
11,11,248,1.19
11,12,361,1.73
11,17,226,2.03
11,19,2259,14.53
11,20,3100,19.93
11,44,279,1.09
11,45,797,3.11
11,49,1040,2.72
11,50,1904,4.99
11,51,1501,3.93
11,52,575,1.51
11,58,2113,19.72
11,59,1477,6.08
11,60,354,1.46
11,61,744,3.06
11,62,1399,5.75
11,63,938,3.85
11,67,33,0.26
11,68,298,2.32
11,70,547,3.6
11,71,518,3.41
11,72,5607,36.91
11,73,2760,18.17
11,74,249,1.26
11,75,1509,7.66
11,76,904,4.59
11,77,1470,7.46
11,78,2453,12.45
11,79,1229,7.57
11,80,4643,28.59
11,82,1552,9.56
11,85,543,3.88
11,86,275,1.97
11,87,414,2.96
11,88,815,5.83
11,89,1798,7.42
11,99,8,0.03
11,108,621,2.1
11,114,47,0.15
11,119,6,0.04
11,127,7,0.03
11,3,40,0.22
11,9,96,0.46
11,15,26,0.23
11,28,35,0.1
11,36,119,0.64
11,37,0,0
11,43,830,2.23
11,47,34,0.13
11,48,551,2.15
11,55,136,1.27
11,56,8,0.07
11,64,1324,10.31
11,65,691,5.38
11,81,1356,8.35
11,92,640,2.64
11,93,221,0.91
11,110,1607,4.86
11,115,363,1.19
11,118,16,0.05
11,123,1308,8.8
11,124,16,0.05
12,5,851,3.16
12,9,601,3.14
12,13,34,0.18
12,15,473,2.31
12,18,887,4.33
12,19,3353,26.37
12,20,2237,17.6
12,24,700,2.63
12,25,1745,6.54
12,28,2034,7.63
12,29,2369,8.18
12,36,663,2.54
12,37,99,0.38
12,40,982,4.57
12,42,1447,6.74
12,43,176,0.82
12,44,925,5.19
12,55,277,1.69
12,60,203,2.46
12,64,0,0
12,67,1275,9.36
12,70,476,3.19
12,71,2649,17.8
12,73,6221,41.81
12,74,1465,9.34
12,76,1257,8.01
12,77,2581,16.46
12,78,2708,17.27
12,79,5206,40.72
12,80,4051,31.68
12,81,704,5.51
12,89,1753,8.56
12,93,574,2.8
12,95,504,1.25
12,101,3,0.01
12,110,61,0.13
12,111,615,1.35
12,114,638,6.01
12,115,381,3.59
12,123,796,5.47
12,124,3577,6.8
12,127,484,0.92
12,0,231,1.02
12,14,513,2.5
12,17,1,0
12,22,597,4.7
12,23,43,0.34
12,34,0,0
12,38,411,1.57
12,41,433,2.02
12,45,180,1.01
12,46,1385,7.77
12,56,0,0
12,58,300,1.83
12,62,0,0
12,66,3,0.02
12,72,3585,24.1
12,75,54,0.34
12,83,337,2.64
12,91,648,3.16
12,106,467,1.41
12,107,346,1.04
13,0,299,1.32
13,6,2538,9.45
13,14,350,1.71
13,15,358,1.74
13,18,921,4.48
13,19,5843,45.96
13,20,9325,73.34
13,21,1080,8.5
13,22,1133,8.91
13,23,46,0.36
13,34,0,0
13,36,138,0.53
13,37,124,0.47
13,40,132,0.62
13,41,217,1.01
13,45,139,0.78
13,46,695,3.9
13,47,4,0.02
13,55,744,4.55
13,56,364,2.23
13,58,2589,15.82
13,63,593,7.18
13,64,19,0.14
13,65,458,3.36
13,66,327,2.4
13,67,822,6.03
13,71,6482,43.56
13,72,10404,69.92
13,73,11429,76.81
13,74,7948,50.68
13,75,1216,7.76
13,76,1299,8.28
13,77,981,6.25
13,79,3123,24.43
13,80,965,7.55
13,81,468,3.66
13,83,319,2.5
13,85,1065,4.21
13,90,1623,7.92
13,91,451,2.2
13,93,347,1.69
13,97,1739,4.35
13,113,2343,5.16
13,114,2,0.02
13,127,5,0.01
13,5,419,1.56
13,7,452,1.68
13,9,3,0.02
13,16,19,0.09
13,17,0,0
13,28,452,1.7
13,38,465,1.78
13,44,531,2.98
13,60,180,2.18
13,61,254,3.08
13,62,31,0.38
13,68,948,6.95
13,69,0,0
13,70,1092,7.34
13,92,741,3.62
13,115,125,1.18
13,117,3,0.03
13,119,1,0.01
13,120,14,0.1
14,6,721,2.68
14,7,956,3.56
14,11,28,0.15
14,16,1394,6.79
14,17,787,3.84
14,18,2729,13.3
14,19,4654,36.62
14,20,6188,48.67
14,22,249,1.96
14,27,725,2.72
14,28,3164,11.88
14,29,1134,3.91
14,32,584,2.02
14,36,1016,3.89
14,38,909,3.48
14,44,7,0.04
14,55,2180,13.33
14,56,1253,7.66
14,57,1079,6.59
14,58,2109,12.89
14,59,40,0.48
14,60,560,6.78
14,61,606,7.34
14,62,22,0.27
14,63,355,4.3
14,67,410,3.01
14,68,720,5.28
14,69,600,4.03
14,71,4741,31.86
14,72,9146,61.47
14,73,6535,43.91
14,74,16032,102.22
14,75,4087,26.06
14,76,1788,11.4
14,89,699,3.41
14,90,1945,9.49
14,101,488,2.13
14,102,484,2.12
14,108,1025,3.1
14,109,3946,8.7
14,123,269,1.85
14,24,3,0.01
14,33,361,1.25
14,37,0,0
14,39,4,0.02
14,40,331,1.54
14,53,267,1.21
14,66,5,0.04
14,70,1255,8.44
14,97,766,1.91
14,112,38,0.08
14,114,7,0.07
14,122,547,3.76
15,6,2095,7.8
15,17,0,0
15,18,1381,6.74
15,19,94,0.74
15,20,1592,12.52
15,21,151,1.19
15,24,30,0.11
15,26,715,2.69
15,27,27,0.1
15,33,147,0.5
15,36,317,1.22
15,37,853,3.26
15,39,360,1.68
15,42,986,4.6
15,43,2541,11.83
15,44,2090,11.73
15,45,750,4.21
15,52,450,2.05
15,55,6384,39.04
15,56,2740,16.75
15,57,11726,71.68
15,58,7064,43.18
15,66,636,4.67
15,69,628,4.22
15,70,4161,27.96
15,71,7774,52.25
15,72,8126,54.61
15,73,6046,40.63
15,74,16584,105.73
15,75,5208,33.21
15,76,1338,8.53
15,77,144,0.92
15,80,41,0.32
15,85,1507,5.95
15,89,1307,6.39
15,94,989,2.47
15,95,233,0.58
15,96,548,1.37
15,97,4472,11.17
15,105,149,0.45
15,122,4577,31.49
15,123,112,0.77
15,125,524,1
15,126,1293,2.46
15,127,559,1.06
15,0,8,0.04
15,5,249,0.93
15,11,15,0.08
15,16,1079,5.26
15,22,234,1.84
15,23,132,1.04
15,31,1001,3.46
15,38,57,0.22
15,40,348,1.62
15,41,809,3.77
15,47,929,5.21
15,48,133,0.75
15,49,58,0.26
15,50,545,2.48
15,51,123,0.56
15,53,198,0.9
15,59,296,3.58
15,78,844,5.38
15,90,0,0
15,102,0,0
15,110,796,1.75
15,111,3062,6.74
15,116,11,0.1
15,121,1039,7.15
15,124,383,0.73
16,0,509,2.25
16,5,750,2.79
16,6,40,0.15
16,14,7,0.03
16,15,321,1.56
16,18,475,2.32
16,22,928,7.3
16,23,0,0
16,31,233,0.8
16,33,255,0.88
16,36,292,1.12
16,37,664,2.54
16,40,258,1.2
16,41,20,0.09
16,43,2973,13.85
16,44,3360,18.86
16,45,2273,12.75
16,46,3104,17.41
16,47,1318,7.39
16,50,3,0.01
16,51,0,0
16,52,693,3.15
16,53,1404,6.38
16,54,149,0.91
16,55,3172,19.4
16,56,2988,18.28
16,57,4947,30.24
16,58,6697,40.95
16,66,230,1.68
16,68,2960,21.72
16,69,5510,37.02
16,70,10988,73.85
16,71,10896,73.22
16,72,3831,25.76
16,73,3752,25.22
16,74,11426,72.85
16,75,1480,9.44
16,76,408,2.6
16,77,1230,7.84
16,78,536,3.42
16,85,635,2.51
16,86,48,0.2
16,87,2043,8.06
16,88,124,0.49
16,89,31,0.15
16,94,22,0.05
16,96,504,1.26
16,97,3431,8.57
16,102,1102,4.81
16,103,88,0.38
16,110,536,1.18
16,111,1316,2.9
16,120,538,3.7
16,121,2503,17.22
16,122,651,4.48
16,2,289,1.28
16,8,600,2.23
16,9,415,2.17
16,12,437,2.28
16,19,19,0.15
16,20,95,0.75
16,21,399,3.14
16,59,328,3.97
16,65,4,0.03
16,67,180,1.32
16,84,402,1.59
16,90,944,4.61
16,91,0,0
16,100,0,0
16,101,586,2.55
16,113,5,0.01
16,127,791,1.51
17,12,0,0
17,13,478,1.38
17,18,74,0.22
17,19,49,0.15
17,22,804,2.44
17,31,4,0.02
17,32,2688,16.1
17,33,593,3.55
17,34,52,0.31
17,37,1684,9.96
17,38,217,1.29
17,43,4396,18.82
17,44,5610,18.46
17,45,802,2.64
17,55,2139,11.89
17,56,3408,18.94
17,57,3239,18.01
17,59,1832,8.44
17,60,710,3.28
17,63,335,1.54
17,64,1008,9.07
17,66,408,3.67
17,67,5983,53.85
17,68,3615,32.54
17,69,2885,22.85
17,70,11156,88.36
17,71,8815,69.81
17,72,9810,77.71
17,73,10387,82.28
17,74,9383,69.97
17,77,1027,7.66
17,87,1097,4.42
17,90,146,0.78
17,93,134,0.71
17,97,1578,8.16
17,100,638,1.96
17,101,428,1.31
17,102,339,1.04
17,106,1372,4.28
17,107,1182,3.69
17,110,523,1.65
17,111,1170,3.7
17,119,66,0.24
17,120,2375,8.63
17,121,415,1.51
17,127,683,2.47
17,20,2,0.01
17,24,93,0.26
17,25,1377,3.92
17,28,503,1.43
17,29,267,1.6
17,30,4,0.02
17,35,29,0.17
17,48,39,0.13
17,49,564,2.92
17,51,26,0.13
17,80,386,1.78
17,82,7,0.03
17,92,2964,15.73
17,98,238,1.23
17,105,3,0.01
18,0,684,5.43
18,12,437,1.27
18,13,413,1.19
18,22,12,0.04
18,25,17,0.05
18,29,500,2.99
18,32,777,4.65
18,33,620,3.71
18,36,718,4.25
18,37,1216,7.19
18,42,1529,6.55
18,43,952,4.07
18,44,649,2.14
18,48,69,0.23
18,49,248,1.28
18,53,274,1.42
18,54,930,5.17
18,55,1531,8.52
18,56,448,2.5
18,61,1381,6.37
18,69,6555,51.91
18,70,9637,76.33
18,71,4181,33.12
18,72,2221,17.59
18,73,6372,50.46
18,74,11944,89.07
18,75,304,2.27
18,87,1384,5.58
18,88,632,2.55
18,92,112,0.59
18,93,231,1.22
18,95,5,0.03
18,97,677,3.5
18,98,0,0
18,105,1903,5.94
18,106,2377,7.42
18,117,2159,11.81
18,118,2641,14.44
18,119,1041,3.79
18,120,142,0.52
18,11,369,1.07
18,19,793,2.4
18,20,454,1.38
18,21,293,0.89
18,38,99,0.59
18,39,1044,4.47
18,62,19,0.09
18,66,557,5.01
18,68,2992,26.93
18,82,7,0.03
18,85,1099,4.43
18,89,130,0.69
18,99,814,2.5
18,103,989,3.04
18,114,9,0.05
18,126,503,1.82
18,127,390,1.41
19,2,0,0
19,3,575,4.57
19,4,215,0
19,11,53,0.15
19,12,127,0.37
19,19,1364,4.13
19,20,20,0.06
19,21,1045,3.16
19,26,9,0.03
19,32,631,3.78
19,33,1154,6.91
19,34,977,5.78
19,38,14,0.08
19,41,1414,6.05
19,42,514,2.2
19,45,476,1.57
19,54,566,3.15
19,57,8,0.04
19,60,755,3.48
19,61,1250,5.76
19,62,1393,6.42
19,67,655,5.9
19,68,9370,84.35
19,69,11073,87.7
19,70,8900,70.5
19,71,4739,37.54
19,72,993,7.86
19,73,0,0
19,74,2046,15.26
19,76,1118,8.34
19,79,857,3.95
19,84,3,0.01
19,85,1360,5.49
19,86,33,0.13
19,88,370,1.49
19,94,526,2.72
19,95,18,0.1
19,105,1242,3.88
19,106,1929,6.02
19,107,1785,5.57
19,110,800,2.53
19,117,108,0.59
19,118,1192,6.51
19,120,6910,25.11
19,121,7259,26.38
19,126,166,0.6
19,127,189,0.68
19,30,51,0.31
19,31,483,2.89
19,35,546,3.23
19,43,344,1.47
19,44,591,1.95
19,46,912,3
19,53,327,1.7
19,55,316,1.75
19,66,414,3.73
19,75,0,0
19,83,11,0.05
19,90,616,3.27
19,91,4,0.02
19,103,57,0.18
19,109,8,0.03
19,122,310,1.13
19,123,292,1.06
20,12,365,1.05
20,13,271,0.78
20,14,0,0
20,16,666,1.97
20,18,14,0.04
20,19,602,1.82
20,24,219,0.63
20,25,302,0.86
20,26,715,2.04
20,29,885,5.3
20,30,97,0.58
20,32,94,0.57
20,33,856,5.13
20,34,2818,16.67
20,35,2119,12.55
20,43,0,0
20,47,1554,5.11
20,62,172,0.79
20,66,1014,9.12
20,68,2952,26.57
20,69,4150,32.86
20,70,7516,59.53
20,71,8159,64.62
20,72,2748,21.76
20,73,14,0.11
20,74,743,5.54
20,86,3,0.01
20,87,240,0.97
20,88,708,2.86
20,90,3538,18.78
20,92,540,2.86
20,102,1006,3.09
20,103,4158,12.79
20,106,425,1.33
20,107,1028,3.21
20,110,2,0.01
20,117,627,3.43
20,118,582,3.18
20,119,1144,4.16
20,120,3552,12.91
20,121,4761,17.31
20,122,301,1.09
20,125,1886,6.82
20,126,415,1.5
20,9,305,0.88
20,10,639,1.85
20,17,216,0.64
20,27,536,1.53
20,48,233,0.77
20,57,12,0.06
20,58,61,0.34
20,67,2,0.02
20,75,922,6.88
20,78,316,2.36
20,79,699,3.23
20,91,416,2.21
20,98,1645,8.5
20,99,5,0.02
20,111,27,0.09
20,127,212,0.77
21,9,1641,4.75
21,10,90,0.26
21,15,763,2.26
21,17,972,2.88
21,22,6,0.02
21,23,2477,7.5
21,24,90,0.26
21,33,806,4.83
21,34,2352,13.91
21,40,1137,4.87
21,41,586,2.5
21,48,3,0.01
21,51,130,0.67
21,52,170,0.88
21,56,416,2.31
21,57,415,2.31
21,60,341,1.57
21,61,1575,7.26
21,66,3641,32.77
21,67,3624,32.62
21,68,2844,25.6
21,69,793,6.28
21,70,2725,21.58
21,71,1295,10.26
21,72,877,6.94
21,75,1982,14.79
21,76,168,1.25
21,77,1084,8.08
21,78,993,7.41
21,79,760,3.51
21,88,10,0.04
21,90,591,3.13
21,91,1675,8.89
21,92,14,0.07
21,93,387,2.06
21,94,1657,8.57
21,97,248,1.28
21,98,1533,7.92
21,102,675,2.08
21,105,701,2.19
21,106,140,0.44
21,107,14,0.04
21,118,1718,9.39
21,119,2455,8.92
21,120,3106,11.29
21,121,1642,5.97
21,126,1867,6.74
21,31,10,0.06
21,38,1018,6.02
21,65,584,5.26
21,74,18,0.13
21,80,307,1.42
21,89,372,1.97
21,116,634,3.47
21,117,757,4.14
21,124,335,1.21
21,127,51,0.18
22,0,679,2.22
22,12,85,0.22
22,19,749,3.38
22,20,461,2.07
22,25,460,1.47
22,31,1330,7.63
22,33,1325,7.61
22,47,1088,5.25
22,56,21,0.09
22,61,3044,11.34
22,65,200,1.16
22,66,7201,41.85
22,67,6438,37.41
22,68,2685,15.61
22,71,1465,7.99
22,72,4418,24.11
22,78,312,0.98
22,79,2066,8.57
22,85,6,0.03
22,88,2024,8.84
22,91,127,0.48
22,92,287,1.1
22,93,537,2.05
22,97,15,0.04
22,98,268,0.77
22,107,1951,7.31
22,110,2170,8.47
22,111,79,0.31
22,116,2988,15.63
22,117,2101,10.98
22,118,799,4.18
22,119,868,3.34
22,120,1156,4.45
22,126,370,1.53
22,127,2190,9.05
22,13,29,0.07
22,14,315,1.03
22,18,347,1.14
22,32,873,5.01
22,35,613,4.44
22,69,16,0.09
22,70,586,3.2
22,74,2010,6.31
22,77,211,0.66
22,80,3,0.01
22,81,53,0.22
22,87,0,0
22,105,71,0.27
22,106,983,3.69
22,109,22,0.09
23,0,1287,4.22
23,1,1,0
23,3,1392,4.56
23,4,374,1.04
23,5,297,0.83
23,6,369,1.03
23,13,567,1.46
23,14,0,0
23,18,500,1.64
23,19,0,0
23,24,1930,6.17
23,31,370,2.12
23,32,807,4.63
23,35,302,2.19
23,59,316,1.18
23,60,0,0
23,61,1339,4.99
23,65,1688,9.81
23,67,1231,7.15
23,70,0,0
23,71,698,3.81
23,72,1950,10.64
23,73,631,3.45
23,74,922,2.89
23,78,1027,3.23
23,80,517,2.14
23,81,1522,6.32
23,88,91,0.4
23,91,974,3.72
23,93,298,1.14
23,105,539,2.02
23,106,1257,4.71
23,107,61,0.23
23,109,53,0.21
23,110,23,0.09
23,111,4356,16.99
23,112,0,0
23,116,463,2.42
23,117,393,2.06
23,118,1206,6.3
23,119,3064,11.8
23,121,335,1.29
23,123,904,3.48
23,124,658,2.72
23,2,1436,4.71
23,9,183,0.47
23,16,966,3.17
23,23,277,1.25
23,40,453,1.98
23,41,449,1.97
23,43,800,3.51
23,57,2,0.01
23,58,15,0.06
23,63,7,0.03
23,64,11,0.06
23,66,181,1.05
23,77,1,0
23,87,21,0.09
23,94,8,0.02
23,95,904,2.6
23,103,366,1.61
23,104,0,0
23,114,20,0.1
23,115,1496,7.82
24,2,462,1.51
24,8,34,0.09
24,9,576,1.48
24,12,702,1.8
24,16,263,0.86
24,26,595,1.9
24,32,7,0.04
24,34,293,2.13
24,35,586,4.25
24,39,10,0.05
24,42,211,0.92
24,43,555,2.43
24,47,427,2.06
24,51,4,0.02
24,53,1128,5.88
24,58,365,1.54
24,60,114,0.42
24,62,622,2.31
24,66,7,0.04
24,68,416,2.42
24,70,0,0
24,71,0,0
24,72,130,0.71
24,73,306,1.67
24,77,1337,4.2
24,78,233,0.74
24,81,699,2.9
24,85,1582,6.9
24,88,0,0
24,91,40,0.15
24,97,144,0.41
24,107,518,1.94
24,111,1756,6.85
24,114,611,3.19
24,121,1919,7.4
24,1,127,0.42
24,11,825,2.12
24,21,49,0.22
24,22,585,2.63
24,31,557,3.2
24,38,326,2.36
24,40,739,3.24
24,50,84,0.44
24,54,36,0.15
24,74,216,0.68
24,79,474,1.97
24,92,69,0.26
24,106,269,1.01
24,115,35,0.18
25,1,1410,4.62
25,2,0,0
25,3,64,0.21
25,12,275,0.71
25,20,109,0.49
25,21,469,2.11
25,22,0,0
25,24,434,1.39
25,25,231,0.74
25,31,44,0.25
25,34,155,1.12
25,50,804,4.19
25,53,745,3.88
25,54,535,2.25
25,55,912,3.84
25,62,1705,6.36
25,64,482,2.8
25,65,966,5.62
25,66,389,2.26
25,67,60,0.35
25,70,1351,7.38
25,71,3,0.02
25,72,1668,9.1
25,73,132,0.72
25,74,532,1.67
25,79,1262,5.24
25,81,156,0.65
25,85,719,3.14
25,88,1383,6.04
25,89,592,2.26
25,94,358,1.03
25,95,87,0.25
25,105,741,2.78
25,106,414,1.55
25,108,1099,4.12
25,113,1299,5.07
25,114,965,5.04
25,115,408,2.13
25,16,7,0.02
25,17,350,1.15
25,29,46,0.26
25,30,388,2.23
25,38,191,1.38
25,47,377,1.82
25,48,153,0.74
25,51,203,1.06
25,52,20,0.11
25,56,13,0.05
25,69,362,1.98
25,78,1663,5.22
25,80,5,0.02
25,84,0,0
25,93,1530,5.84
25,101,542,2.39
25,109,340,1.33
25,110,3,0.01
26,19,190,0.85
26,24,1173,3.74
26,40,410,1.8
26,41,456,2
26,48,235,1.13
26,51,383,2
26,52,30,0.16
26,62,1164,4.33
26,67,0,0
26,68,1027,5.97
26,69,0,0
26,70,560,3.06
26,76,72,0.23
26,78,66,0.21
26,96,995,2.86
26,105,20,0.08
26,108,1143,4.28
26,109,1213,4.74
26,110,689,2.69
26,118,317,1.66
26,123,1875,7.23
26,124,821,3.4
26,0,242,0.79
26,9,259,0.67
26,26,501,1.6
26,28,309,0.99
26,29,1,0.01
26,36,190,1.38
26,38,378,2.74
26,43,23,0.1
26,44,2,0.01
26,50,52,0.27
26,63,275,1.02
26,64,443,2.57
26,65,150,0.87
26,72,12,0.07
26,79,217,0.9
26,80,15,0.06
26,84,430,1.88
26,85,560,2.44
26,86,786,3.43
26,87,186,0.81
26,94,3,0.01
26,104,7,0.03
26,112,290,1.13
26,113,9,0.04
26,116,444,2.33
26,126,10,0.04
27,8,196,2.2
27,9,212,1.04
27,22,985,0.68
27,27,1160,5.46
27,28,1434,6.77
27,29,35,0.18
27,32,2438,12.72
27,33,525,2.74
27,43,333,1.17
27,44,430,1.66
27,48,185,0.71
27,49,166,0.97
27,50,145,0.84
27,52,2070,12.05
27,62,2117,10.65
27,63,1036,5.21
27,67,1080,6.11
27,68,263,1.49
27,69,1009,5.29
27,71,1472,7.72
27,79,22,0.14
27,80,25,0.16
27,81,884,5.73
27,85,3,0.02
27,86,646,4.01
27,87,2521,15.62
27,99,19,0.07
27,101,158,0.6
27,102,136,0.52
27,105,32,0.04
27,110,1320,7.74
27,111,1057,6.2
27,116,94,0.1
27,117,2046,2.08
27,121,0,0
27,122,0,0
27,13,186,0.91
27,16,143,0.49
27,61,46,0.23
27,64,40,0.23
27,66,708,4.01
27,70,123,0.65
27,78,1,0.01
27,84,876,5.43
27,94,5,0.03
27,96,730,5.04
27,112,450,2.64
27,127,5,0.01
28,13,243,1.19
28,16,653,2.24
28,27,66,0.32
28,30,2010,10.49
28,46,1791,6.9
28,51,29,0.17
28,52,607,3.53
28,53,2220,12.93
28,54,2631,17.33
28,56,3226,21.24
28,60,949,4.78
28,61,1414,7.11
28,62,2173,10.94
28,63,57,0.29
28,64,129,0.73
28,66,165,0.93
28,67,1272,7.2
28,69,808,4.23
28,70,1924,10.08
28,73,690,3.62
28,75,197,1.36
28,76,2492,17.18
28,77,2482,17.1
28,78,573,3.95
28,84,1292,8
28,87,795,4.93
28,88,215,1.33
28,92,288,2.34
28,100,10,0.04
28,110,1306,7.66
28,112,527,3.09
28,124,484,0.84
28,5,382,4.3
28,29,0,0
28,35,383,1.56
28,45,196,0.76
28,55,633,4.17
28,57,1174,7.73
28,71,0,0
28,74,375,2.58
28,79,0,0
28,80,259,1.68
28,90,577,4.69
28,91,255,2.07
28,104,389,0.46
28,106,7,0.01
28,108,7,0.01
28,113,31,0.18
28,117,61,0.06
28,118,29,0.03
28,119,8,0.04
28,121,420,1.88
29,4,486,5.47
29,5,431,4.85
29,7,27,0.3
29,35,240,0.98
29,37,1510,6.16
29,39,546,1.93
29,46,872,3.36
29,47,224,0.86
29,48,475,1.83
29,52,3011,17.53
29,53,5057,29.45
29,54,1854,12.21
29,55,17,0.11
29,60,1215,6.12
29,69,142,0.74
29,70,1433,7.51
29,71,604,3.17
29,72,751,3.94
29,73,1185,6.22
29,74,711,4.9
29,76,1198,8.26
29,77,1224,8.43
29,79,20,0.13
29,80,424,2.75
29,84,2484,15.4
29,85,525,3.25
29,87,968,6
29,88,50,0.31
29,90,4,0.03
29,102,1330,5.04
29,103,106,0.4
29,104,619,0.73
29,110,668,3.92
29,112,2,0.01
29,117,2013,2.05
29,118,643,0.66
29,121,3654,16.4
29,125,8,0.01
29,127,4,0.01
29,33,330,1.72
29,34,44,0.18
29,36,2,0.01
29,42,226,0.8
29,43,48,0.17
29,51,566,3.3
29,81,38,0.25
29,83,878,5.7
29,86,7,0.04
29,92,303,2.46
29,93,519,4.22
29,94,125,0.86
29,111,19,0.11
29,120,1831,8.21
29,122,414,1.86
29,123,981,4.4
30,4,875,9.86
30,10,1396,6.83
30,11,0,0
30,27,174,0.82
30,28,77,0.37
30,33,654,3.41
30,37,386,1.57
30,39,3218,11.35
30,42,322,1.13
30,45,2928,11.29
30,50,2403,13.99
30,51,3431,19.98
30,52,1978,11.51
30,53,678,3.95
30,54,1894,12.48
30,55,1546,10.18
30,59,1792,9.03
30,60,659,3.32
30,64,637,3.61
30,66,158,0.89
30,67,122,0.69
30,71,0,0
30,72,421,2.21
30,76,2906,20.02
30,77,3398,23.43
30,81,9,0.06
30,82,770,4.99
30,83,1912,12.41
30,84,1715,10.63
30,85,2784,17.25
30,86,1597,9.91
30,92,408,3.31
30,93,1137,9.23
30,94,1441,9.95
30,102,4210,15.94
30,103,680,2.58
30,111,303,1.78
30,113,5,0.03
30,117,21,0.02
30,121,649,2.91
30,122,1181,5.3
30,9,2,0.01
30,12,274,1.34
30,14,235,0.8
30,25,141,0.66
30,29,237,1.24
30,31,883,4.61
30,32,149,0.78
30,36,745,3.03
30,58,1001,6.59
30,62,3,0.02
30,63,20,0.1
30,75,2991,20.62
30,78,1110,7.65
30,87,822,5.09
30,88,6,0.04
30,89,0,0
30,90,611,4.96
30,105,109,0.13
30,106,175,0.21
31,10,548,2.68
31,14,43,0.15
31,19,393,0.27
31,23,1529,1.05
31,24,350,1.65
31,25,1507,7.11
31,26,405,1.91
31,28,1047,4.94
31,29,2253,11.76
31,31,1683,8.77
31,32,1181,6.16
31,33,465,2.43
31,36,1135,4.63
31,45,0,0
31,50,4674,27.21
31,52,1008,5.86
31,54,55,0.36
31,55,544,3.58
31,59,759,3.82
31,60,97,0.49
31,62,1633,8.22
31,73,876,4.6
31,74,78,0.54
31,75,2647,18.25
31,76,1839,12.67
31,77,6,0.04
31,78,3917,27.01
31,85,1365,8.46
31,86,2254,13.97
31,87,212,1.31
31,89,422,3.43
31,93,1261,10.24
31,94,3636,25.12
31,95,1362,9.41
31,102,10,0.04
31,103,1527,5.78
31,105,593,0.7
31,106,1454,1.72
31,109,344,2.01
31,112,741,4.34
31,113,3802,22.29
31,122,0,0
31,2,0,0
31,12,0,0
31,13,0,0
31,15,95,0.33
31,35,516,2.1
31,37,563,2.3
31,38,850,3.47
31,43,130,0.46
31,44,712,2.74
31,47,12,0.05
31,48,476,1.83
31,49,267,1.56
31,53,26,0.15
31,61,514,2.59
31,63,420,2.11
31,64,20,0.11
31,97,374,2.58
31,125,268,0.46
32,1,924,3.53
32,2,0,0
32,12,439,1.27
32,13,29,0.08
32,15,1389,3.13
32,23,759,3.72
32,30,3579,16.78
32,31,3176,14.89
32,35,204,1.31
32,47,241,0.92
32,49,367,2.38
32,50,265,1.72
32,51,6,0.04
32,52,1345,8.74
32,53,121,0.79
32,54,232,1.2
32,55,1247,6.47
32,58,1344,6.98
32,59,2151,12.54
32,61,985,5.74
32,63,1170,6.81
32,64,1702,9.54
32,70,1540,8.68
32,71,357,2.01
32,72,2063,11.63
32,73,2932,16.52
32,74,6889,53.24
32,75,3664,28.31
32,76,1364,10.54
32,77,1984,15.34
32,78,6976,53.91
32,79,1714,22.41
32,86,1201,8.8
32,89,5,0.02
32,94,159,0.98
32,95,1612,9.96
32,97,1627,10.05
32,101,330,1.58
32,102,671,3.21
32,108,404,1.64
32,125,587,1.88
32,5,33,0.3
32,19,0,0
32,29,391,1.83
32,43,63,0.41
32,45,511,1.96
32,46,3,0.01
32,48,295,1.14
32,60,1863,10.86
32,65,72,0.4
32,90,701,3.28
32,96,146,0.9
32,105,230,0.93
32,109,297,0.89
32,111,61,0.18
32,117,40,0.04
32,121,11,0.04
33,13,1073,3.09
33,19,220,1.08
33,20,8,0.04
33,21,9,0.04
33,23,1446,7.08
33,28,838,5.92
33,29,3219,15.09
33,30,3961,18.56
33,31,1139,5.34
33,36,1116,7.19
33,45,0,0
33,47,607,2.34
33,48,746,2.87
33,55,333,1.73
33,57,13,0.07
33,58,212,1.1
33,59,976,5.69
33,60,2615,15.24
33,61,1260,7.34
33,63,617,3.6
33,68,1249,7
33,70,83,0.47
33,71,1431,8.07
33,72,220,1.24
33,73,3,0.02
33,74,1795,13.87
33,75,2623,20.28
33,76,6792,52.49
33,77,5381,41.59
33,78,10993,84.96
33,83,188,2.46
33,85,1287,9.43
33,86,5,0.04
33,88,1826,13.38
33,89,1651,7.73
33,90,751,3.52
33,96,2019,12.47
33,102,3857,18.45
33,103,61,0.29
33,104,2147,8.69
33,105,6201,25.09
33,106,106,0.43
33,108,322,1.3
33,109,787,2.36
33,111,1626,4.89
33,112,3340,10.04
33,118,13,0.01
33,126,30,0.1
33,2,218,0.83
33,14,366,0.82
33,17,95,0.21
33,18,296,0.67
33,24,240,1.7
33,32,149,0.7
33,34,659,4.24
33,62,1352,7.88
33,65,100,0.56
33,79,8,0.1
33,84,6,0.04
33,92,503,2.36
33,93,1267,5.93
33,121,374,1.32
33,124,4,0.01
34,0,387,1.48
34,2,983,3.76
34,7,249,2.24
34,14,614,1.38
34,18,1737,3.91
34,19,2358,11.55
34,20,201,0.99
34,23,110,0.54
34,24,1771,12.51
34,28,2459,17.37
34,29,789,3.7
34,31,2442,11.44
34,34,143,0.92
34,35,113,0.72
34,36,37,0.24
34,39,433,2.81
34,41,1319,8.55
34,65,8,0.04
34,67,1029,5.77
34,68,593,3.32
34,71,502,2.83
34,72,159,0.9
34,73,0,0
34,74,120,0.93
34,75,24,0.19
34,76,4894,37.82
34,77,2898,22.4
34,78,5764,44.54
34,83,338,4.42
34,84,760,5.56
34,85,3234,23.69
34,86,2921,21.41
34,88,1075,7.88
34,89,695,3.26
34,90,664,3.11
34,92,803,3.75
34,93,8,0.04
34,96,2604,16.08
34,97,967,5.97
34,102,1386,6.62
34,103,672,3.22
34,112,960,2.88
34,121,279,0.99
34,123,308,1.08
34,124,11,0.04
34,11,1114,3.22
34,13,89,0.26
34,27,87,0.61
34,32,32,0.15
34,45,846,3.26
34,46,117,0.45
34,50,727,4.72
34,51,260,1.69
34,56,466,2.42
34,64,11,0.06
34,79,182,2.38
34,80,233,3.05
34,100,599,2.86
34,101,1088,5.2
34,107,99,0.4
34,113,353,1.06
34,122,1055,3.72
34,126,117,0.37
35,12,364,1.05
35,18,0,0
35,24,391,2.76
35,25,706,4.99
35,28,817,5.77
35,31,953,4.47
35,44,460,1.77
35,45,77,0.3
35,51,1259,8.17
35,52,723,4.7
35,55,813,4.22
35,56,865,4.5
35,62,9,0.05
35,68,1248,6.99
35,71,71,0.41
35,72,354,2
35,74,0,0
35,75,2140,16.54
35,76,8001,61.84
35,77,8268,63.9
35,78,1457,11.26
35,79,836,10.93
35,80,682,8.92
35,83,6204,81.12
35,84,2371,17.37
35,85,2552,18.7
35,86,3257,23.86
35,100,332,1.59
35,101,505,2.41
35,103,1116,5.34
35,107,613,2.48
35,111,699,2.1
35,112,453,1.36
35,113,821,2.46
35,126,96,0.31
35,11,357,1.03
35,17,192,0.43
35,21,13,0.06
35,40,690,4.47
35,48,993,3.82
35,67,620,3.47
35,70,21,0.12
35,81,850,11.11
35,82,905,11.83
35,104,14,0.06
35,110,462,1.39
35,115,0,0
35,116,411,0.36
35,120,11,0.04
36,7,763,6.87
36,8,1841,16.59
36,9,3,0.01
36,16,1859,4.19
36,17,1444,3.25
36,20,493,2.41
36,21,914,4.48
36,26,501,3.54
36,27,118,0.83
36,37,2580,16.62
36,39,798,5.18
36,44,5,0.02
36,45,637,2.45
36,46,332,1.28
36,48,864,3.33
36,51,472,3.06
36,52,0,0
36,54,636,3.3
36,59,25,0.15
36,62,11,0.06
36,64,3,0.02
36,65,103,0.58
36,67,852,4.77
36,68,82,0.46
36,70,60,0.34
36,71,790,4.45
36,72,20,0.11
36,75,1189,9.19
36,76,2573,19.88
36,77,1604,12.4
36,79,282,3.69
36,80,649,8.49
36,81,1237,16.18
36,82,1661,21.72
36,83,2615,34.2
36,84,1827,13.38
36,85,462,3.38
36,86,147,1.08
36,96,400,2.47
36,97,507,3.13
36,101,724,3.46
36,103,300,1.43
36,110,118,0.35
36,111,8,0.02
36,116,1065,0.93
36,117,685,0.6
36,118,1196,1.05
36,120,1990,7.02
36,1,1360,5.2
36,31,5,0.02
36,38,1824,11.74
36,40,554,3.59
36,47,279,1.07
36,63,9,0.05
36,73,570,3.21
36,74,877,6.78
36,78,110,0.85
36,98,806,4.98
36,99,399,1.91
36,102,509,2.43
36,121,505,1.78
36,124,79,0.25
37,7,1655,11.58
37,8,957,6.71
37,10,525,2.61
37,23,1642,2.31
37,30,764,5.22
37,36,875,4.29
37,37,4561,22.36
37,38,4941,24.22
37,47,175,1.12
37,64,4,0.02
37,65,612,3.06
37,70,1254,10.47
37,71,792,6.62
37,72,2774,23.18
37,73,274,2.29
37,75,1317,7.96
37,76,2978,18.01
37,78,4481,27.11
37,79,3784,24.91
37,80,791,5.21
37,81,901,5.93
37,82,5581,36.74
37,83,8385,55.21
37,84,3778,17.88
37,86,604,2.85
37,90,375,1.25
37,98,1776,12.07
37,99,41,0.25
37,102,337,2.09
37,103,1409,8.73
37,104,637,3.67
37,105,341,1.96
37,120,717,2.2
37,121,471,1.44
37,123,1836,5.63
37,124,4659,18.49
37,125,119,0.47
37,9,775,3.87
37,12,24,0.12
37,18,0,0
37,19,842,1.18
37,24,157,0.28
37,29,498,3.4
37,33,18,0.12
37,34,334,1.64
37,39,413,2
37,41,22,0.11
37,42,290,1.4
37,66,630,3.15
37,67,66,0.33
37,77,1630,9.86
37,85,13,0.06
37,87,539,2.55
37,88,93,0.44
37,107,275,1.58
37,119,809,2.48
37,127,4,0.02
38,7,1579,11.05
38,9,4210,21.03
38,24,579,1.04
38,25,502,0.9
38,29,509,3.47
38,30,35,0.24
38,35,1036,5.08
38,36,868,4.25
38,37,3448,16.9
38,38,1073,5.26
38,41,601,2.9
38,42,509,2.46
38,44,477,3.05
38,45,13,0.08
38,46,3,0.02
38,47,364,2.33
38,48,205,1.31
38,49,586,2.49
38,53,498,2.11
38,54,21,0.11
38,66,416,2.08
38,67,696,3.48
38,68,1,0
38,70,118,0.99
38,71,948,7.92
38,72,4279,35.74
38,73,991,8.28
38,75,741,4.48
38,76,6006,36.34
38,77,4115,24.89
38,78,109,0.66
38,80,509,3.35
38,81,358,2.36
38,82,5898,38.82
38,83,11927,78.52
38,84,2004,9.48
38,88,54,0.25
38,91,377,1.26
38,92,371,1.24
38,93,1553,5.17
38,102,4021,24.91
38,106,542,3.12
38,107,601,3.46
38,113,326,1.42
38,114,369,0.83
38,119,3110,9.53
38,120,2869,8.79
38,121,190,0.58
38,123,2149,6.59
38,124,737,2.92
38,4,46,0.32
38,6,1336,9.34
38,8,3307,23.13
38,10,67,0.33
38,11,167,0.83
38,13,973,4.86
38,34,1078,5.28
38,50,19,0.08
38,51,683,2.9
38,61,484,1.3
38,85,103,0.49
38,87,21,0.1
38,90,0,0
38,94,7,0.05
38,100,884,5.48
38,101,28,0.17
38,103,498,3.08
38,109,661,2.89
38,110,346,1.51
39,4,50,0.35
39,5,37,0.26
39,6,2997,20.97
39,7,1674,11.71
39,8,1587,11.1
39,9,1912,9.55
39,10,357,1.78
39,23,829,1.16
39,24,297,0.53
39,27,105,0.19
39,28,761,1.36
39,44,684,4.37
39,47,335,2.14
39,49,104,0.44
39,54,340,1.82
39,55,492,2.64
39,57,724,3.88
39,58,246,1.32
39,60,656,1.76
39,61,796,2.13
39,68,2214,11.06
39,71,1094,9.13
39,72,2,0.02
39,73,97,0.81
39,75,809,4.89
39,76,1598,9.67
39,82,4933,32.47
39,83,7590,49.97
39,84,527,2.49
39,85,849,4.01
39,86,298,1.41
39,89,648,2.16
39,90,681,2.27
39,100,1977,12.24
39,101,11,0.07
39,102,201,1.25
39,103,1720,10.65
39,107,1385,7.98
39,109,1861,8.13
39,110,566,2.48
39,113,1,0
39,119,1455,4.46
39,120,961,2.94
39,123,868,2.66
39,38,1255,6.15
39,45,260,1.66
39,51,238,1.01
39,56,428,2.3
39,64,84,0.42
39,65,1216,6.07
39,66,908,4.53
39,69,1,0.01
39,78,6,0.04
39,87,1272,6.02
39,104,181,1.04
39,106,284,1.64
39,116,1466,3.32
39,124,403,1.6
39,126,6,0.02
40,4,292,2.04
40,6,484,3.39
40,7,1726,12.07
40,22,0,0
40,23,0,0
40,24,953,1.7
40,38,1558,7.63
40,46,1838,11.76
40,47,2087,13.34
40,48,1698,10.86
40,49,2241,9.53
40,50,1754,7.46
40,55,485,2.6
40,56,1229,6.59
40,59,1000,2.68
40,60,572,1.54
40,65,131,0.65
40,66,32,0.15
40,68,0,0
40,70,0,0
40,71,825,6.9
40,72,752,6.28
40,73,84,0.7
40,74,15,0.09
40,75,462,2.79
40,82,2474,16.28
40,83,3204,21.09
40,84,387,1.83
40,85,134,0.64
40,100,403,2.5
40,106,1173,6.75
40,116,812,1.83
40,122,1877,5.75
40,124,7,0.03
40,126,624,2.48
40,0,586,2.01
40,1,297,1.02
40,9,69,0.34
40,10,934,4.66
40,12,596,2.98
40,15,1073,0.96
40,30,36,0.25
40,33,680,4.65
40,43,566,2.73
40,44,3,0.02
40,45,818,5.23
40,58,0,0
40,61,799,2.14
40,79,18,0.12
40,80,1623,10.68
40,81,680,4.48
40,87,264,1.25
40,88,130,0.61
40,89,436,1.45
40,99,373,2.31
40,103,159,0.98
40,105,477,2.75
40,111,5,0.02
40,113,274,1.2
40,120,110,0.34
40,123,19,0.06
41,0,305,1.05
41,10,0,0
41,16,1169,1.04
41,21,1,0
41,22,962,1.35
41,30,220,1.5
41,33,314,2.14
41,38,2227,10.92
41,43,498,2.4
41,44,1346,8.61
41,45,78,0.5
41,47,467,2.99
41,48,409,2.61
41,49,1204,5.11
41,50,899,3.82
41,56,1413,7.58
41,58,211,1.13
41,59,705,1.89
41,60,1538,4.12
41,61,1514,4.06
41,71,41,0.35
41,72,266,2.22
41,73,430,3.59
41,79,223,1.47
41,81,458,3.02
41,82,1977,13.02
41,83,1433,9.44
41,84,196,0.93
41,87,779,3.68
41,88,215,1.01
41,89,28,0.09
41,101,272,1.69
41,102,1689,10.46
41,103,250,1.55
41,104,907,5.22
41,105,1806,10.4
41,106,3425,19.73
41,107,989,5.7
41,119,16,0.05
41,121,10,0.03
41,122,1137,3.48
41,1,409,1.41
41,37,5,0.02
41,51,3,0.01
41,52,4,0.02
41,54,5,0.03
41,55,0,0
41,62,131,0.35
41,70,1740,14.54
41,76,477,2.89
41,77,214,1.3
41,80,1203,7.92
41,85,0,0
41,91,4,0.01
41,92,332,1.11
41,97,85,0.58
41,98,45,0.3
41,99,901,5.58
41,110,740,3.23
41,111,29,0.12
41,115,3,0.01
41,125,23,0.09
42,1,684,1.68
42,12,4,0.02
42,20,94,0.17
42,29,1082,2.54
42,31,550,1.29
42,32,398,0.94
42,33,607,1.42
42,41,1163,5.7
42,44,65,0.33
42,45,0,0
42,47,646,3.32
42,48,450,2.32
42,51,2244,12.73
42,52,1101,6.24
42,55,1495,9.54
42,56,470,3
42,58,570,3.63
42,59,518,2.53
42,62,740,3.61
42,64,618,4.24
42,65,234,1.61
42,66,982,6.73
42,68,280,1.92
42,70,1008,6.15
42,71,2016,12.31
42,72,862,5.26
42,73,652,3.98
42,76,353,1.93
42,77,114,0.62
42,78,253,1.39
42,83,2058,12.67
42,85,1292,7.41
42,91,400,2.31
42,92,824,4.76
42,98,2636,12.73
42,99,1930,9.3
42,104,546,1.77
42,105,6,0.02
42,106,523,1.69
42,109,172,0.54
42,110,1013,3.16
42,111,1476,4.59
42,112,118,0.37
42,117,495,1.73
42,37,45,0.28
42,43,1990,9.75
42,46,7,0.04
42,54,244,1.56
42,67,406,2.78
42,84,514,2.95
42,86,653,3.75
42,103,0,0
42,108,197,0.64
42,125,8,0.05
43,26,39,0.16
43,37,3,0.02
43,43,672,3.29
43,44,49,0.25
43,46,980,5.04
43,50,1523,8.63
43,51,1097,6.22
43,52,656,3.72
43,55,2288,14.59
43,56,491,3.13
43,57,254,1.62
43,58,491,3.13
43,59,0,0
43,62,14,0.07
43,64,3563,24.41
43,65,157,1.08
43,67,2863,19.62
43,71,528,3.22
43,72,2171,13.25
43,73,230,1.41
43,77,513,2.81
43,78,632,3.46
43,79,190,1.17
43,82,410,2.52
43,83,1088,6.69
43,86,1600,9.18
43,87,1498,8.59
43,90,966,5.57
43,99,928,4.47
43,103,384,1.85
43,104,526,1.7
43,105,0,0
43,109,24,0.07
43,111,48,0.15
43,118,10,0.03
43,10,302,1.66
43,11,43,0.24
43,12,846,4.65
43,15,0,0
43,25,142,0.58
43,41,287,1.41
43,42,1449,7.1
43,54,1147,7.32
43,63,92,0.45
43,68,2,0.01
43,75,431,2.36
43,88,192,1.1
43,102,355,1.71
43,110,48,0.15
43,113,64,0.2
43,114,503,1.76
43,121,103,0.31
43,127,43,0.27
44,7,5,0.04
44,10,313,1.72
44,11,107,0.59
44,12,166,0.91
44,14,2,0.01
44,15,1198,5.77
44,20,424,0.77
44,36,1312,8.22
44,41,425,2.08
44,42,0,0
44,43,53,0.26
44,48,1036,5.34
44,50,437,2.47
44,51,3000,17.01
44,52,2677,15.19
44,53,2040,11.57
44,54,1162,7.42
44,55,4120,26.27
44,56,42,0.27
44,59,1398,6.82
44,64,3134,21.47
44,66,382,2.61
44,67,2149,14.72
44,70,3885,23.72
44,71,662,4.04
44,72,710,4.34
44,73,307,1.87
44,83,1200,7.39
44,88,1256,7.21
44,98,3022,14.59
44,99,666,3.21
44,101,495,2.38
44,102,563,2.71
44,103,613,2.95
44,104,1,0
44,107,1151,3.73
44,108,233,0.76
44,110,99,0.31
44,114,325,1.13
44,121,2676,8.14
44,126,1355,8.39
44,127,356,2.21
44,19,2,0
44,27,259,1.05
44,33,12,0.03
44,37,361,2.26
44,38,114,0.71
44,40,1888,9.25
44,47,2,0.01
44,63,724,3.53
44,87,462,2.65
44,89,1002,5.78
44,91,174,1
44,92,16,0.09
44,94,1473,7.11
44,95,0,0
44,97,404,1.95
44,118,802,2.8
45,13,1345,7.39
45,19,1714,3.11
45,20,125,0.23
45,27,1036,4.21
45,32,6,0.01
45,34,122,0.76
45,40,4502,22.06
45,41,857,4.2
45,51,2731,15.49
45,52,1133,6.42
45,53,658,3.73
45,54,8816,56.23
45,55,641,4.09
45,56,1324,8.44
45,58,2292,14.62
45,64,375,2.57
45,65,1020,6.99
45,66,2934,20.1
45,67,2903,19.89
45,68,33,0.23
45,69,560,3.42
45,70,2038,12.45
45,71,1895,11.57
45,72,2535,15.48
45,73,2107,12.86
45,81,26,0.16
45,83,772,4.75
45,87,1433,8.22
45,88,436,2.51
45,89,1777,10.25
45,90,2229,12.86
45,91,1138,6.56
45,94,675,3.26
45,95,0,0
45,96,41,0.2
45,97,207,1
45,98,1098,5.29
45,99,1990,9.58
45,100,529,2.55
45,109,1377,4.29
45,110,6,0.02
45,114,450,1.57
45,118,2212,7.73
45,121,504,1.53
45,126,1051,6.51
45,3,3055,7.51
45,5,167,1.32
45,6,197,1.56
45,8,391,3.09
45,9,150,0.82
45,29,241,0.57
45,35,131,0.82
45,36,447,2.8
45,37,4,0.03
45,39,13,0.06
45,47,5,0.03
45,49,21,0.12
45,50,75,0.43
45,57,481,3.07
45,74,1661,9.11
45,75,470,2.58
45,78,651,3.57
45,79,1,0.01
45,107,1497,4.86
45,112,13,0.04
46,2,1542,3.79
46,16,1722,8.29
46,17,818,3.94
46,23,396,0.72
46,29,90,0.21
46,35,618,3.88
46,37,1353,8.48
46,39,1679,8.23
46,40,14,0.07
46,42,449,2.2
46,43,32,0.15
46,44,329,1.69
46,46,5,0.03
46,47,975,5.01
46,48,308,1.59
46,49,395,2.24
46,53,4823,27.36
46,54,1146,7.31
46,56,1246,7.94
46,57,2522,16.09
46,58,545,3.48
46,63,1226,5.99
46,66,6167,42.24
46,67,2309,15.81
46,69,2535,15.48
46,70,1605,9.81
46,71,735,4.49
46,73,5325,32.51
46,74,4603,25.22
46,79,424,2.61
46,80,1424,8.76
46,81,972,5.98
46,83,536,3.3
46,84,51,0.3
46,86,352,2.02
46,88,891,5.11
46,89,2,0.01
46,90,1116,6.44
46,91,582,3.36
46,94,12,0.06
46,99,3904,18.8
46,103,741,3.57
46,107,557,1.81
46,108,3,0.01
46,109,7545,23.5
46,110,4158,12.95
46,112,539,1.68
46,118,358,1.25
46,124,285,1.77
46,125,102,0.63
46,3,0,0
46,38,1235,7.74
46,41,449,2.2
46,51,4,0.02
46,52,68,0.38
46,55,193,1.23
46,72,67,0.41
46,77,903,4.95
46,98,167,0.81
46,102,403,1.94
46,111,314,0.98
46,113,5,0.02
46,120,0,0
46,123,6,0.02
47,9,0,0
47,10,1724,10.23
47,15,1924,6.64
47,16,608,2.1
47,35,431,1.59
47,37,515,1.9
47,38,5935,21.95
47,39,668,1.23
47,40,0,0
47,41,1381,2.54
47,42,135,0.25
47,48,669,2.68
47,49,268,0.94
47,51,11,0.04
47,52,417,1.46
47,53,93,0.33
47,55,1228,7.46
47,57,563,3.42
47,59,282,0.56
47,60,700,1.39
47,62,1179,2.34
47,66,6005,68.1
47,67,4682,53.1
47,69,139,0.85
47,70,1715,10.52
47,71,294,1.8
47,72,508,3.11
47,73,8250,50.57
47,74,6760,56.51
47,75,1219,10.18
47,76,2556,21.37
47,77,5027,42.03
47,83,965,4.37
47,87,722,3.16
47,90,36,0.16
47,92,56,0.26
47,93,1800,8.25
47,110,413,1.17
47,111,1631,4.62
47,113,4,0.01
47,115,344,1.28
47,120,0,0
47,126,539,1.85
47,127,305,1.05
47,13,284,1.68
47,14,123,0.42
47,21,0,0
47,36,13,0.05
47,46,920,3.68
47,54,5,0.03
47,64,540,6.12
47,65,826,9.37
47,78,76,0.64
47,81,144,0.65
47,91,4,0.02
47,103,568,1.89
47,105,53,0.19
47,109,289,0.82
47,112,29,0.08
47,118,1358,5.05
47,119,969,5.12
47,124,13,0.04
47,125,525,1.81
48,5,22,0.14
48,9,301,1.78
48,10,168,1
48,19,2258,7.9
48,21,1012,3.53
48,30,924,4.73
48,32,622,3.19
48,34,1879,6.95
48,35,1347,4.98
48,36,519,1.92
48,38,987,3.65
48,41,9,0.02
48,46,574,2.3
48,47,964,3.86
48,54,483,2.94
48,55,2470,15.01
48,56,881,5.36
48,62,883,1.76
48,65,6233,70.69
48,66,8271,93.8
48,67,3870,43.89
48,69,1037,6.36
48,70,1559,9.56
48,71,0,0
48,72,1025,6.29
48,73,7316,44.85
48,74,6238,52.15
48,75,3238,27.08
48,76,1111,9.29
48,77,1183,9.89
48,78,680,5.68
48,81,853,3.86
48,98,651,2.61
48,102,882,2.93
48,103,0,0
48,109,572,1.62
48,110,448,1.27
48,112,842,2.39
48,114,683,2.54
48,115,0,0
48,118,985,3.67
48,119,1323,6.99
48,125,28,0.1
48,20,324,1.13
48,40,720,1.32
48,43,196,0.36
48,44,43,0.17
48,48,143,0.57
48,51,505,1.77
48,52,625,2.2
48,57,379,2.3
48,79,526,2.38
48,82,795,3.6
48,83,30,0.14
48,88,1363,5.96
48,89,57,0.26
48,97,356,1.43
48,108,512,1.88
48,113,32,0.09
49,8,978,6.06
49,10,805,4.77
49,18,0,0
49,20,3797,13.27
49,34,1066,3.94
49,35,1996,7.39
49,36,664,2.46
49,37,58,0.21
49,38,100,0.37
49,42,147,0.27
49,43,2625,4.83
49,44,0,0
49,45,15,0.06
49,47,412,1.65
49,48,1203,4.82
49,49,38,0.13
49,50,2171,7.63
49,51,881,3.09
49,52,623,2.19
49,53,911,3.2
49,59,626,1.25
49,60,178,0.35
49,64,2588,29.35
49,65,7885,89.43
49,66,10103,114.59
49,67,128,1.45
49,69,2324,14.25
49,70,1075,6.59
49,71,251,1.53
49,72,2359,14.46
49,73,6968,42.71
49,74,2085,17.43
49,75,2857,23.89
49,76,7858,65.7
49,77,1211,10.12
49,79,615,2.78
49,80,2030,9.2
49,81,1646,7.46
49,82,3971,17.98
49,83,4038,18.28
49,84,951,4.16
49,85,796,3.48
49,90,156,0.71
49,91,612,2.81
49,108,887,3.26
49,109,2209,6.25
49,112,2216,6.27
49,114,632,2.36
49,121,185,0.98
49,14,90,0.31
49,15,239,0.83
49,17,829,2.86
49,19,1370,4.79
49,23,0,0
49,55,18,0.11
49,56,300,1.82
49,96,1237,4.96
49,104,749,2.75
49,105,3,0.01
49,110,99,0.28
49,111,250,0.71
49,113,32,0.09
49,127,16,0.06
50,0,157,0
50,9,229,1.36
50,14,139,0.48
50,15,3,0.01
50,16,926,3.2
50,17,1336,4.61
50,19,711,2.49
50,20,35,0.12
50,23,2656,9.29
50,24,0,0
50,35,539,1.99
50,45,1079,4.32
50,46,566,2.27
50,47,466,1.86
50,48,17,0.07
50,49,0,0
50,63,176,0.35
50,64,5138,58.28
50,65,11216,127.21
50,66,10147,115.08
50,67,1301,14.76
50,69,583,3.58
50,70,66,0.4
50,71,3006,18.44
50,72,4499,27.58
50,73,9381,57.5
50,74,8410,70.32
50,75,9118,76.22
50,76,10376,86.74
50,77,1190,9.95
50,78,600,5.02
50,79,280,1.27
50,81,772,3.5
50,82,1303,5.91
50,83,293,1.33
50,85,779,3.41
50,86,95,0.41
50,87,1456,6.36
50,88,1569,6.86
50,92,75,0.34
50,104,804,2.95
50,109,1111,3.14
50,112,2110,5.96
50,115,1515,5.64
50,116,612,2.28
50,122,3016,15.96
50,125,11,0.04
50,4,513,3.18
50,22,551,1.93
50,32,14,0.07
50,36,152,0.56
50,37,685,2.53
50,91,1,0
50,99,1942,6.45
50,100,0,0
50,105,899,3.3
50,106,620,2.28
50,121,182,0.96
51,4,71,0.44
51,16,1598,5.52
51,22,152,0.53
51,23,0,0
51,26,1391,3.34
51,33,2,0.01
51,41,2,0
51,43,83,0.16
51,44,1609,6.44
51,45,840,3.36
51,47,472,1.9
51,50,3,0.01
51,56,912,5.54
51,64,2485,28.18
51,65,10039,113.86
51,66,5089,57.71
51,67,1590,18.04
51,69,63,0.39
51,71,5263,32.25
51,72,8986,55.08
51,73,13573,83.2
51,74,8966,74.96
51,75,12762,106.68
51,76,9273,77.52
51,77,2990,25
51,79,335,1.52
51,81,1152,5.21
51,82,121,0.55
51,85,386,1.69
51,86,690,3.02
51,88,1189,5.19
51,89,792,3.62
51,90,1288,5.9
51,91,2956,13.55
51,92,242,1.11
51,99,167,0.55
51,100,53,0.18
51,105,366,1.34
51,106,0,0
51,108,9,0.03
51,111,0,0
51,112,1150,3.25
51,114,1911,7.12
51,115,2168,8.07
51,125,1566,5.39
51,127,11,0.04
51,5,253,1.57
51,6,422,2.62
51,13,536,3.18
51,15,4,0.01
51,24,6,0.01
51,25,271,0.65
51,35,56,0.21
51,36,633,2.34
51,39,17,0.03
51,70,1328,8.14
51,78,795,6.65
51,87,759,3.32
51,104,0,0
52,5,1,0.01
52,6,187,1.11
52,13,132,0.6
52,15,734,2.62
52,16,286,1.02
52,23,3451,17.82
52,24,5336,13.24
52,25,2067,5.13
52,35,3,0.01
52,36,533,2.3
52,37,2051,8.85
52,39,25,0.16
52,40,1119,7.22
52,43,945,6.1
52,44,662,4.47
52,61,322,0.83
52,62,28,0.07
52,64,3368,26.43
52,65,5891,46.24
52,66,505,3.97
52,67,28,0.22
52,68,0,0
52,69,3563,35.53
52,70,2732,27.25
52,71,12341,123.08
52,72,8018,79.97
52,73,8768,87.44
52,74,9686,76.42
52,75,9980,78.74
52,76,7869,62.08
52,77,6651,52.47
52,78,2185,17.24
52,80,2947,11.99
52,81,537,2.19
52,83,3570,14.53
52,85,317,3.53
52,87,590,6.58
52,88,1381,15.39
52,89,1278,6.49
52,90,493,2.51
52,91,736,3.74
52,92,798,4.05
52,108,25,0.1
52,110,1037,5.24
52,111,445,2.26
52,114,64,0.38
52,115,793,4.62
52,116,2194,12.77
52,117,220,1.28
52,0,512,2.31
52,1,494,2.23
52,10,8,0.04
52,14,261,0.93
52,18,763,2.72
52,20,0,0
52,29,126,0.41
52,42,0,0
52,47,25,0.17
52,53,493,3.27
52,56,9,0.04
52,60,276,0.72
52,86,180,2.01
52,96,456,2.66
52,118,205,1.19
52,119,336,1.58
53,0,1031,4.66
53,1,200,0.9
53,3,305,1.37
53,6,21,0.12
53,7,391,2.32
53,14,190,0.68
53,16,735,2.62
53,19,144,0.74
53,20,212,1.09
53,22,1104,5.71
53,23,1039,5.37
53,29,693,2.24
53,39,2760,17.81
53,40,342,2.21
53,41,14,0.09
53,42,526,3.4
53,52,3832,25.38
53,53,865,5.73
53,54,782,3.59
53,55,3062,14.08
53,56,2346,10.79
53,60,44,0.11
53,64,5661,44.44
53,65,7857,61.68
53,66,2271,17.83
53,68,1393,10.94
53,69,7311,72.92
53,70,5144,51.32
53,71,10446,104.18
53,72,11856,118.25
53,73,10653,106.25
53,74,14201,112.03
53,75,12901,101.78
53,76,7664,60.47
53,77,3399,26.81
53,78,4,0.03
53,79,47,0.2
53,80,1122,4.57
53,84,136,1.52
53,85,433,4.83
53,86,1619,18.05
53,87,967,10.78
53,88,1286,14.34
53,89,3441,17.49
53,90,1585,8.06
53,91,1232,6.26
53,92,664,3.38
53,109,2638,13.35
53,110,498,2.52
53,115,602,3.51
53,116,1693,9.86
53,118,877,5.1
53,11,1088,4.97
53,12,212,0.97
53,28,1091,2.71
53,37,46,0.2
53,38,1246,5.37
53,45,101,0.68
53,46,13,0.09
53,49,209,1.39
53,51,5,0.03
53,57,987,4.54
53,58,726,3.34
53,67,372,2.92
53,103,324,2.2
54,1,1962,8.86
54,3,1502,6.77
54,6,889,5.28
54,10,542,2.48
54,11,2872,13.11
54,12,603,2.75
54,21,2733,14.11
54,22,1925,9.94
54,23,1568,8.1
54,28,24,0.06
54,38,1896,8.18
54,51,1343,8.89
54,52,357,2.37
54,54,1930,8.88
54,55,1790,8.23
54,57,0,0
54,61,942,2.45
54,62,731,1.9
54,63,1629,4.24
54,64,4619,36.26
54,65,4614,36.22
54,66,3587,28.16
54,67,992,7.78
54,68,6285,49.33
54,69,11834,118.02
54,70,14361,143.22
54,71,14492,144.54
54,72,10127,101
54,73,12032,120
54,74,12485,98.5
54,75,13291,104.85
54,76,5613,44.28
54,77,3346,26.4
54,78,850,6.71
54,83,27,0.11
54,84,0,0
54,85,509,5.67
54,86,426,4.76
54,87,2450,27.32
54,88,2242,24.99
54,89,4853,24.67
54,90,2487,12.65
54,92,8,0.05
54,93,910,4.62
54,108,917,3.61
54,109,320,1.62
54,113,563,2.85
54,114,913,5.32
54,118,2009,11.69
54,119,146,0.68
54,2,28,0.13
54,7,135,0.8
54,13,21,0.1
54,15,0,0
54,16,606,2.16
54,37,8,0.03
54,40,20,0.13
54,50,238,1.58
54,79,0,0
55,1,75,0.34
55,6,757,4.5
55,7,3381,20.07
55,15,428,1.53
55,16,332,1.19
55,23,5249,27.12
55,24,807,2.01
55,29,1338,4.34
55,50,244,1.62
55,51,2091,13.84
55,61,259,0.67
55,64,3838,30.13
55,65,2740,21.51
55,66,1776,13.94
55,67,3421,26.86
55,68,13193,103.55
55,69,10536,105.09
55,70,22671,226.12
55,71,10513,104.85
55,72,13897,138.6
55,73,17640,175.94
55,74,10568,83.37
55,75,16101,127.01
55,76,13964,110.16
55,77,8171,64.46
55,78,2992,23.6
55,79,638,2.6
55,80,658,2.68
55,82,634,2.58
55,83,584,2.38
55,84,877,9.77
55,85,1463,16.3
55,86,1662,18.52
55,87,358,3.99
55,88,3528,39.33
55,89,1023,5.2
55,90,678,3.45
55,91,1468,7.46
55,92,795,4.04
55,99,699,4.75
55,115,493,2.87
55,118,424,2.47
55,119,2277,10.72
55,120,965,4.54
55,121,3708,17.46
55,3,1255,5.66
55,5,120,0.72
55,8,86,0.51
55,81,886,3.6
55,95,317,1.85
55,97,29,0.17
55,101,49,0.33
55,102,10,0.07
56,3,85,0.38
56,4,2125,12.62
56,5,875,5.2
56,6,50,0.3
56,7,4279,25.42
56,8,2196,13.03
56,16,432,1.54
56,28,14,0.03
56,36,703,3.03
56,39,214,1.38
56,41,92,0.6
56,42,914,5.9
56,49,3683,24.38
56,50,3983,26.37
56,51,2560,16.96
56,64,817,6.41
56,65,5415,42.5
56,66,2562,20.1
56,67,4887,38.36
56,68,16335,128.23
56,69,26549,264.79
56,70,16873,168.29
56,71,9002,89.79
56,72,12957,129.23
56,73,18283,182.34
56,74,16113,127.12
56,75,14971,118.1
56,76,6640,52.38
56,77,1269,10.01
56,78,3289,25.94
56,79,4110,16.73
56,80,968,3.94
56,81,1175,4.79
56,82,23,0.09
56,83,1727,7.03
56,84,1568,17.48
56,85,1994,22.23
56,88,1696,18.9
56,89,1429,7.27
56,90,818,4.16
56,91,1783,9.06
56,92,566,2.88
56,93,694,3.52
56,95,955,5.58
56,96,445,2.6
56,97,2762,16.12
56,99,809,5.5
56,101,1749,11.89
56,102,38,0.26
56,108,1089,4.29
56,112,2413,12.21
56,115,1800,10.48
56,124,960,3.29
56,126,1405,4.81
56,0,16,0.07
56,25,2351,5.83
56,37,4,0.02
56,48,385,2.6
56,52,285,1.89
56,53,1252,8.29
56,54,1198,5.51
56,86,6,0.07
56,87,1135,12.65
56,98,3,0.02
56,109,335,1.69
56,110,459,2.32
56,111,819,4.14
56,113,355,1.8
56,114,77,0.45
56,118,0,0
57,0,12,0.06
57,4,730,4.31
57,5,4205,24.8
57,6,13013,76.77
57,7,8246,48.65
57,9,278,1.05
57,13,423,1.6
57,17,434,1.26
57,25,11,0.03
57,39,747,3.34
57,48,3483,22.1
57,49,4714,37.3
57,50,7111,56.27
57,51,680,5.38
57,52,6820,53.96
57,53,6323,50.03
57,54,269,1.05
57,64,2704,25.56
57,65,4923,46.55
57,66,5240,49.54
57,67,18443,174.4
57,68,17312,163.7
57,69,15540,126.86
57,70,13429,109.63
57,71,14891,121.56
57,72,18003,146.97
57,73,20003,163.3
57,74,16531,117.95
57,75,11875,84.73
57,78,702,5.01
57,79,1448,12.06
57,80,1064,8.86
57,81,1163,9.68
57,82,518,4.32
57,83,85,0.7
57,85,261,2.19
57,86,2596,21.81
57,87,4747,39.87
57,88,8305,69.75
57,89,4880,36.48
57,90,2743,20.51
57,91,1435,10.73
57,92,790,5.9
57,96,694,6.31
57,97,1767,16.07
57,98,2335,21.24
57,99,240,2.19
57,110,910,5.11
57,111,388,2.18
57,113,353,1.98
57,114,1419,9.56
57,115,3958,26.66
57,116,1230,8.28
57,117,1062,7.16
57,118,1256,8.46
57,120,6168,30.24
57,124,2540,18.44
57,125,658,4.78
57,126,70,0.51
57,2,21,0.11
57,3,3,0.02
57,16,509,1.48
57,40,197,0.88
57,42,66,0.3
57,45,1075,6.82
57,47,949,6.03
57,63,2,0.01
57,76,1580,11.27
57,84,250,2.1
57,119,217,1.06
57,121,339,1.66
57,122,4,0.02
57,123,294,1.44
58,0,299,1.54
58,1,33,0.17
58,4,1486,8.77
58,5,3,0.02
58,6,351,2.07
58,7,3102,18.29
58,19,1189,0.7
58,28,596,1.5
58,31,11,0.05
58,37,205,0.57
58,40,1130,5.05
58,42,193,0.86
58,43,30,0.13
58,47,1448,9.18
58,48,799,5.06
58,50,6142,48.6
58,51,10424,82.48
58,52,3469,27.45
58,53,2219,17.56
58,57,1015,3.96
58,59,0,0
58,60,419,2.45
58,62,205,1.2
58,63,1368,7.97
58,64,3667,34.68
58,65,4764,45.04
58,66,4754,44.96
58,67,31449,297.38
58,68,19401,183.45
58,69,14924,121.83
58,70,8647,70.59
58,71,26513,216.44
58,72,11392,93
58,73,15829,129.22
58,74,14289,101.95
58,75,10622,75.78
58,76,10964,78.22
58,78,121,0.87
58,80,1739,14.49
58,81,933,7.78
58,82,120,1
58,83,65,0.54
58,84,4547,38.19
58,85,5507,46.25
58,86,2642,22.18
58,87,4999,41.98
58,88,3230,27.12
58,89,4157,31.07
58,90,2648,19.8
58,91,708,5.29
58,106,0,0
58,111,6,0.04
58,112,36,0.21
58,113,1859,10.44
58,114,6779,45.67
58,115,7463,50.29
58,116,4630,31.2
58,117,1083,7.29
58,118,428,2.89
58,119,213,1.05
58,120,6349,31.12
58,121,155,0.76
58,123,1650,8.09
58,124,39,0.28
58,125,1242,9.02
58,8,16,0.09
58,17,645,1.87
58,26,3,0.01
58,29,49,0.23
58,35,1112,3.08
58,45,411,2.61
58,46,319,2.02
58,56,1255,4.91
58,61,29,0.17
58,77,278,1.98
58,79,145,1.21
58,96,463,4.21
58,97,0,0
58,99,1,0.01
58,100,25,0.23
58,107,4,0.02
58,108,15,0.11
58,109,16,0.09
58,126,1056,7.67
59,3,452,2.32
59,7,3987,23.53
59,8,4883,28.8
59,17,382,1.11
59,18,1302,3.78
59,20,0,0
59,26,2,0.01
59,29,971,4.43
59,31,688,3.14
59,35,23,0.06
59,40,2125,9.51
59,45,1052,6.67
59,46,3344,21.22
59,47,733,4.65
59,50,7268,57.51
59,51,8523,67.43
59,52,1468,11.62
59,55,23,0.09
59,56,101,0.4
59,60,154,0.9
59,61,415,2.42
59,62,2193,12.79
59,63,2738,15.97
59,64,636,6.02
59,65,2021,19.12
59,66,734,6.94
59,67,10273,97.13
59,68,13143,124.28
59,69,20577,167.98
59,70,19539,159.51
59,71,31818,259.75
59,72,13686,111.73
59,73,21110,172.32
59,74,18852,134.5
59,75,11233,80.14
59,76,8020,57.23
59,77,7823,55.82
59,78,4114,29.35
59,79,1708,14.24
59,80,6307,52.55
59,81,5794,48.26
59,82,6954,57.93
59,83,10781,89.82
59,84,13920,116.89
59,85,8979,75.4
59,86,1078,9.07
59,87,3,0.03
59,88,870,7.31
59,89,4466,33.38
59,90,502,3.75
59,95,13,0.12
59,99,1507,13.79
59,100,3180,29.08
59,101,3112,28.46
59,102,850,7.77
59,103,528,4.82
59,104,56,0.39
59,105,556,3.92
59,107,23,0.17
59,112,1508,8.47
59,113,5969,33.53
59,114,7682,51.76
59,115,9340,62.93
59,116,7688,51.8
59,118,1317,8.87
59,119,223,1.09
59,120,4095,20.07
59,121,128,0.62
59,123,1589,7.79
59,124,2221,16.13
59,125,5407,39.26
59,126,1738,12.62
59,0,92,0.47
59,1,1052,5.4
59,5,1129,6.66
59,6,325,1.92
59,21,397,0.23
59,30,3,0.01
59,34,467,1.29
59,39,26,0.12
59,41,180,0.81
59,53,1055,8.35
59,54,1035,4.05
59,92,84,0.63
59,122,616,3.02
60,0,1092,5.6
60,2,649,3.33
60,6,1218,7.18
60,7,408,2.41
60,8,2016,11.89
60,9,1904,7.21
60,17,280,0.81
60,18,246,0.71
60,26,47,0.12
60,27,501,1.26
60,29,957,4.36
60,33,5753,26.26
60,34,357,0.99
60,39,1,0
60,40,1234,5.52
60,50,1027,8.12
60,51,491,3.89
60,53,4510,35.68
60,59,621,3.62
60,60,1054,6.15
60,61,3069,17.91
60,62,3078,17.94
60,63,1654,9.64
60,64,1934,18.29
60,65,1551,14.66
60,66,1224,11.58
60,67,12051,113.95
60,68,17292,163.51
60,69,11916,97.28
60,70,21596,176.29
60,71,30531,249.23
60,72,28878,235.74
60,73,9769,79.75
60,74,3004,21.43
60,75,22237,158.65
60,76,1757,12.53
60,77,14818,105.73
60,78,18951,135.22
60,79,19187,159.83
60,80,9766,81.36
60,81,16979,141.45
60,82,17285,143.99
60,83,8447,70.37
60,84,8378,70.36
60,85,5980,50.23
60,86,8785,73.78
60,87,1225,10.28
60,91,274,2.04
60,92,1130,8.45
60,96,408,3.71
60,97,2943,26.77
60,98,1055,9.59
60,99,417,3.81
60,101,882,8.07
60,102,4875,44.58
60,103,1988,18.18
60,105,1915,13.49
60,110,62,0.35
60,111,1531,8.61
60,112,5012,28.16
60,113,3250,18.26
60,114,2377,16.02
60,115,7193,48.46
60,116,3142,21.17
60,117,703,4.74
60,124,954,6.93
60,125,6828,49.59
60,126,788,5.72
60,1,290,1.49
60,10,1143,4.33
60,11,484,1.83
60,15,18,0.05
60,25,2,0.01
60,31,2,0.01
60,41,24,0.11
60,52,1206,9.54
60,55,394,1.54
60,90,905,6.76
60,104,1166,8.21
60,123,129,0.63
61,1,870,4.47
61,7,555,3.27
61,8,1790,10.56
61,10,60,0.23
61,11,1777,6.73
61,17,1011,2.93
61,20,69,0.04
61,22,43,0.03
61,25,923,2.31
61,29,4608,21.03
61,30,2719,12.41
61,33,1078,4.92
61,34,0,0
61,40,1649,7.38
61,46,884,5.61
61,51,751,5.94
61,52,2152,17.02
61,53,0,0
61,56,4543,17.76
61,57,5520,21.59
61,60,958,5.59
61,61,817,4.77
61,62,3636,21.21
61,63,3835,22.37
61,64,2244,21.22
61,65,2541,24.03
61,66,4099,38.75
61,67,8061,76.23
61,68,9418,89.05
61,69,17362,141.74
61,70,25093,204.84
61,71,15856,129.45
61,72,22393,182.8
61,73,13498,110.19
61,74,29006,206.95
61,75,45129,321.99
61,76,9102,64.95
61,77,29571,210.99
61,78,19307,137.75
61,79,10317,85.95
61,80,10176,84.77
61,81,17241,143.63
61,82,17104,142.5
61,83,10889,90.71
61,84,7086,59.51
61,85,11940,100.28
61,86,16836,141.38
61,87,9704,81.49
61,88,2093,17.58
61,89,215,1.6
61,91,973,7.27
61,105,2089,14.71
61,111,6842,38.44
61,112,1445,8.12
61,116,0,0
61,117,411,2.77
61,122,268,1.31
61,123,2045,10.03
61,124,1410,10.24
61,125,972,7.05
61,13,5,0.02
61,18,0,0
61,27,715,1.79
61,31,914,4.17
61,50,357,2.83
61,58,1957,7.65
61,59,332,1.94
61,92,38,0.28
61,110,2,0.01
61,113,4,0.02
61,120,2,0.01
62,1,1079,6.07
62,2,23,0.13
62,5,4,0.01
62,7,49,0.18
62,8,35,0.13
62,10,899,3.36
62,11,777,2.91
62,12,0,0
62,17,3067,10.81
62,18,0,0
62,27,514,2.99
62,29,2268,12.82
62,30,3845,21.73
62,31,636,3.6
62,33,1229,6.94
62,34,314,1.61
62,40,1287,6.15
62,41,7,0.03
62,42,2183,10.42
62,44,482,2.49
62,50,1986,12.99
62,52,347,2.27
62,53,1266,8.28
62,56,1003,6.56
62,57,4529,29.64
62,58,3336,21.83
62,59,684,3.76
62,60,759,4.18
62,61,715,3.93
62,62,455,2.5
62,63,158,0.87
62,64,3040,19.6
62,65,4340,27.97
62,66,4735,30.53
62,67,4486,28.92
62,68,18889,121.79
62,69,23087,190.51
62,70,19179,158.27
62,71,11701,96.56
62,72,28749,237.24
62,73,29387,242.51
62,74,57645,466.48
62,75,64548,522.34
62,76,44565,360.64
62,77,23082,186.79
62,78,38668,312.93
62,79,27517,256.7
62,80,17626,164.43
62,81,18411,171.75
62,82,4589,42.81
62,83,13021,121.47
62,84,10178,96.47
62,85,11348,107.56
62,86,10643,100.87
62,87,7609,72.13
62,88,907,8.6
62,90,4,0.02
62,91,1887,9.13
62,92,131,0.63
62,93,901,4.36
62,98,1080,4.05
62,99,426,3.03
62,101,271,1.93
62,105,380,2.69
62,111,1091,22.17
62,112,72,1.46
62,117,40,0.1
62,119,1276,5.06
62,120,1809,7.17
62,123,829,3.29
62,127,27,0
62,0,453,2.55
62,9,472,1.77
62,22,1836,6.43
62,23,137,0.48
62,37,3373,17.25
62,38,44,0.23
62,49,484,3.17
62,51,5,0.03
62,54,291,1.9
62,55,147,0.96
62,100,347,2.48
62,113,427,8.68
62,121,29,0.12
63,1,40,0.23
63,2,48,0.27
63,8,994,3.65
63,16,293,1.03
63,17,561,1.98
63,22,687,2.4
63,23,36,0.13
63,25,1120,6.51
63,30,2249,12.71
63,33,121,0.68
63,34,110,0.56
63,37,1863,9.53
63,43,1160,5.54
63,44,913,4.72
63,45,3096,16.01
63,48,282,1.45
63,49,160,1.05
63,50,1340,8.76
63,51,1264,8.27
63,53,4394,28.73
63,54,4938,32.32
63,55,6300,41.22
63,56,1622,10.62
63,57,879,5.76
63,58,2706,17.7
63,59,664,3.66
63,60,551,3.03
63,63,817,4.5
63,64,4062,26.19
63,65,4129,26.63
63,66,3958,25.52
63,67,7132,45.98
63,68,18293,117.95
63,69,0,0
63,70,0,0
63,71,7105,58.64
63,72,34843,287.54
63,73,9626,79.44
63,74,32807,265.49
63,75,37446,303.03
63,76,31041,251.19
63,77,4734,38.31
63,78,19939,161.35
63,79,19669,183.49
63,80,22853,213.19
63,81,14732,137.43
63,82,6332,59.08
63,83,16266,151.74
63,84,14018,132.86
63,85,12272,116.31
63,86,16247,154
63,87,5495,52.08
63,88,1649,15.63
63,89,3489,16.88
63,90,1662,8.04
63,91,3537,17.11
63,92,982,4.75
63,100,975,6.96
63,103,1191,8.5
63,104,5450,38.59
63,105,4172,29.54
63,106,6628,46.94
63,107,11539,81.73
63,108,8054,57.03
63,109,543,11.04
63,117,725,1.81
63,120,648,2.57
63,121,166,0.66
63,6,5,0.02
63,11,568,2.13
63,26,500,2.91
63,27,908,5.28
63,28,851,4.95
63,31,11,0.06
63,39,983,4.69
63,40,896,4.28
63,41,54,0.26
63,46,47,0.24
63,47,835,4.32
63,52,1413,9.24
63,62,237,1.3
63,93,428,2.07
63,123,113,0.45
63,124,136,0
64,8,1,0
64,10,99,0.37
64,11,1830,6.85
64,18,8,0.03
64,20,299,1.05
64,21,26,0.09
64,24,432,2.51
64,25,801,4.65
64,27,991,5.76
64,28,285,1.66
64,30,1652,9.33
64,31,0,0
64,35,1828,9.36
64,36,400,2.04
64,39,1355,6.47
64,40,1321,6.3
64,44,679,3.51
64,45,703,3.64
64,46,108,0.56
64,47,619,3.2
64,48,649,3.36
64,52,2393,15.65
64,53,755,4.94
64,55,2909,19.04
64,56,1128,7.38
64,57,1742,11.4
64,58,2570,16.81
64,59,767,4.22
64,64,285,1.84
64,65,2431,15.67
64,66,5193,33.49
64,67,2422,15.61
64,68,2839,18.3
64,69,630,5.2
64,70,8139,67.17
64,71,24572,202.78
64,72,26274,216.82
64,73,35221,290.66
64,74,48199,390.04
64,75,40594,328.5
64,76,13305,107.66
64,77,5596,45.29
64,78,1094,8.85
64,79,18910,176.41
64,80,14027,130.85
64,81,16811,156.82
64,82,14126,131.78
64,83,5457,50.91
64,84,9734,92.26
64,85,10346,98.05
64,86,12612,119.54
64,87,6079,57.62
64,88,3636,34.46
64,89,2628,12.71
64,90,1881,9.1
64,91,5612,27.14
64,92,1321,6.39
64,101,2086,14.87
64,102,8091,57.69
64,103,5380,38.37
64,104,6447,45.65
64,105,5784,40.96
64,106,12802,90.67
64,107,4276,30.28
64,121,95,0.38
64,123,0,0
64,124,5,0
64,0,500,2.81
64,2,0,0
64,3,0,0
64,13,4,0.01
64,16,465,1.64
64,26,743,4.32
64,37,283,1.45
64,38,0,0
64,54,1647,10.78
64,93,266,1.28
64,94,0,0
64,108,293,2.07
65,0,1083,6.1
65,2,283,1.6
65,3,487,2.74
65,13,2201,8.24
65,14,4567,16.1
65,19,1330,4.65
65,26,475,2.76
65,34,372,1.9
65,35,342,1.75
65,36,20,0.1
65,38,2321,11.87
65,40,17,0.08
65,46,2397,12.4
65,47,975,5.04
65,53,1253,8.19
65,54,2480,16.23
65,55,101,0.66
65,56,15,0.1
65,57,2121,13.87
65,58,253,1.66
65,59,771,4.24
65,60,55,0.3
65,64,5609,36.16
65,65,3355,21.64
65,66,5664,36.52
65,67,2570,16.57
65,68,11739,75.69
65,69,8504,70.18
65,70,17755,146.52
65,71,24678,203.65
65,72,32478,268.01
65,73,35917,296.4
65,74,35486,287.17
65,75,26075,211.01
65,76,8749,70.8
65,77,13,0.11
65,78,6630,53.66
65,79,5873,54.79
65,80,14854,138.57
65,81,14567,135.89
65,82,14489,135.17
65,83,14896,138.96
65,84,10278,97.42
65,85,9633,91.3
65,86,10504,99.55
65,87,8081,76.6
65,88,3717,35.22
65,89,4178,20.22
65,90,1706,8.25
65,91,4113,19.9
65,92,3365,16.28
65,93,2441,11.81
65,94,982,3.7
65,96,301,1.13
65,101,281,2
65,102,7421,52.91
65,103,7018,50.05
65,104,6643,47.05
65,105,9863,69.84
65,106,797,5.65
65,107,2024,14.33
65,108,2000,14.16
65,116,10,0.03
65,121,22,0.09
65,123,46,0.18
65,124,46,0
65,25,1405,8.16
65,37,446,2.28
65,41,278,1.33
65,42,2,0.01
65,45,60,0.31
65,48,879,4.54
65,52,0,0
65,61,1197,6.58
65,62,1461,8.04
65,63,978,5.38
65,115,10,0.02
65,118,0,0
65,119,10,0.04
66,11,663,2.48
66,13,237,0.89
66,14,1813,6.39
66,15,287,1.01
66,22,1076,3.77
66,25,92,0.54
66,33,362,2.05
66,34,339,1.74
66,35,58,0.3
66,37,3537,18.09
66,38,970,4.97
66,41,932,4.45
66,44,78,0.4
66,45,119,0.62
66,46,2747,14.2
66,48,0,0
66,51,2572,16.82
66,52,2537,16.59
66,53,1522,9.96
66,54,1330,8.7
66,55,1521,9.96
66,56,3189,20.86
66,60,340,1.86
66,61,4057,22.34
66,62,2682,14.76
66,63,3818,21.01
66,64,3428,22.11
66,65,6249,40.29
66,66,5038,32.48
66,67,3201,20.63
66,68,13635,87.91
66,69,19620,161.92
66,70,18309,151.09
66,71,26952,222.41
66,72,36633,302.31
66,73,22195,183.16
66,74,34553,279.61
66,75,27968,226.33
66,76,21756,176.05
66,77,390,3.16
66,78,2621,21.21
66,80,4680,43.65
66,81,5464,50.97
66,82,15996,149.22
66,83,28595,266.76
66,84,16561,156.97
66,85,9285,88.01
66,86,11065,104.87
66,87,5864,55.58
66,88,6118,57.98
66,89,5478,26.5
66,90,3690,17.85
66,91,4315,20.88
66,92,3945,19.1
66,93,3837,18.56
66,94,2410,9.06
66,101,3130,22.32
66,102,5980,42.64
66,103,10134,72.26
66,104,1125,7.96
66,105,4122,29.19
66,106,1554,11.01
66,107,1363,9.66
66,115,0,0
66,116,10,0.03
66,118,5,0.01
66,123,0,0
66,32,15,0.08
66,50,314,2.05
66,57,10,0.07
66,59,1183,6.51
66,79,872,8.13
66,95,521,1.96
66,96,28,0.11
66,109,278,5.65
66,125,0,0
66,126,45,0
67,3,329,0.41
67,9,6,0.01
67,12,421,0.76
67,17,3257,10.43
67,21,3251,6.37
67,23,20,0.04
67,29,580,1.61
67,30,779,2.16
67,31,238,0.66
67,32,601,1.67
67,33,81,0.22
67,37,2,0.01
67,40,243,1.38
67,50,257,2.05
67,51,1503,12
67,52,1575,12.57
67,53,25,0.2
67,54,1182,7.07
67,55,1486,8.89
67,56,2429,14.53
67,57,2333,13.96
67,58,5039,30.14
67,59,5976,35.6
67,60,6170,36.76
67,61,4591,27.35
67,62,4161,24.79
67,64,3096,21.73
67,65,4429,31.08
67,66,3996,28.05
67,67,4088,28.69
67,68,8857,62.17
67,69,188,1.5
67,70,2394,19.09
67,71,22232,177.22
67,72,24982,199.15
67,73,27966,222.95
67,74,20307,204.85
67,75,24806,250.23
67,76,10287,103.77
67,77,943,9.51
67,78,10510,106.02
67,79,3693,36.92
67,80,1590,15.9
67,81,16090,160.85
67,82,26670,266.6
67,83,16992,169.86
67,84,25152,274.03
67,85,16388,178.54
67,86,16406,178.74
67,87,9503,103.53
67,88,3411,37.16
67,89,1619,13.05
67,90,145,1.17
67,91,2189,17.63
67,92,4657,37.51
67,93,2965,23.88
67,94,1854,10.16
67,95,0,0
67,101,2457,12.52
67,102,11314,57.68
67,103,1310,6.68
67,104,237,0.53
67,105,390,0.87
67,106,1263,2.85
67,109,14,0.05
67,118,771,2.14
67,119,862,5.85
67,121,771,5.23
67,125,0,0
67,6,125,0.51
67,14,159,0.51
67,15,115,0.37
67,39,318,1.8
67,49,1087,8.68
67,112,22,0.07
67,113,79,0.27
67,122,50,0.34
68,6,1539,6.29
68,14,37,0.12
68,15,77,0.25
68,37,130,0.9
68,43,2794,15.83
68,44,1492,7.27
68,47,1112,5.41
68,51,299,2.39
68,52,868,6.93
68,53,1829,14.6
68,54,1143,6.84
68,55,837,5
68,56,1250,7.47
68,58,5822,34.82
68,59,6590,39.26
68,60,6311,37.6
68,61,5777,34.42
68,62,5453,32.48
68,63,3803,22.66
68,64,7556,53.04
68,65,4162,29.22
68,66,2863,20.09
68,67,133,0.93
68,68,220,1.55
68,69,5287,42.15
68,70,16166,128.87
68,71,22949,182.94
68,72,20601,164.22
68,73,14037,111.9
68,74,21831,220.23
68,75,19994,201.69
68,76,1742,17.57
68,77,3935,39.69
68,78,18792,189.57
68,79,12711,127.07
68,80,17,0.17
68,81,9707,97.04
68,82,8156,81.53
68,83,1717,17.17
68,84,15496,168.82
68,85,12779,139.22
68,86,12674,138.09
68,87,1718,18.72
68,88,1140,12.42
68,89,180,1.45
68,90,3276,26.38
68,91,5138,41.39
68,92,4571,36.82
68,93,2924,23.56
68,94,1311,7.18
68,97,1890,10.35
68,98,1187,6.5
68,101,1908,9.73
68,102,3676,18.74
68,106,389,0.88
68,112,473,1.59
68,113,0,0
68,119,578,3.92
68,5,391,1.6
68,18,1067,3.42
68,27,743,2.21
68,29,35,0.1
68,39,74,0.42
68,45,588,2.86
68,49,536,4.28
68,100,811,4.13
68,111,3,0.01
68,120,90,0.61
69,2,92,0.11
69,5,243,0.99
69,6,134,0.55
69,24,1081,3.23
69,28,589,1.75
69,29,383,1.07
69,41,1036,5.88
69,42,793,4.49
69,43,612,3.47
69,45,5,0.02
69,46,4,0.02
69,49,2420,19.32
69,50,12282,98.05
69,51,6811,54.37
69,52,3623,28.92
69,53,10432,83.28
69,54,3263,19.51
69,55,527,3.15
69,58,4350,26.02
69,59,4084,24.34
69,60,5553,33.08
69,61,3013,17.94
69,62,5020,29.91
69,63,5651,33.66
69,64,6095,42.77
69,65,8668,60.83
69,66,5058,35.51
69,67,197,1.38
69,68,4,0.03
69,69,17431,138.96
69,70,14798,117.97
69,71,7413,59.09
69,72,12691,101.17
69,73,21831,174.04
69,74,29505,297.64
69,75,13631,137.5
69,76,656,6.62
69,77,948,9.56
69,78,15692,158.31
69,79,16954,169.48
69,80,4852,48.51
69,81,1188,11.88
69,82,5130,51.29
69,83,9,0.09
69,84,10,0.11
69,85,375,4.09
69,86,717,7.81
69,89,497,4
69,90,451,3.64
69,91,4012,32.31
69,92,6897,55.56
69,93,3148,25.35
69,94,574,3.15
69,95,2332,12.78
69,97,2082,11.41
69,100,3122,15.91
69,101,2379,12.13
69,102,507,2.58
69,110,1614,5.44
69,111,1343,4.52
69,112,11,0.04
69,120,2387,16.2
69,123,521,3.53
69,4,398,1.63
69,8,0,0
69,18,1223,3.92
69,19,22,0.04
69,22,1746,3.42
69,32,368,1.02
69,87,31,0.34
69,88,349,3.81
69,96,243,1.33
69,98,532,2.91
69,114,39,0.11
69,115,284,0.79
69,119,76,0.52
69,121,360,2.44
69,122,1094,7.43
70,1,986,1.22
70,3,210,0.26
70,6,29,0.12
70,7,759,3.1
70,8,0,0
70,24,210,0.62
70,34,426,2.95
70,35,310,2.15
70,38,77,0.53
70,40,2960,16.77
70,41,1831,10.38
70,48,500,2.43
70,49,560,4.47
70,50,4066,32.45
70,51,497,3.97
70,53,4447,35.49
70,54,6331,37.87
70,55,2706,16.18
70,56,2482,14.84
70,58,6110,36.54
70,59,4553,27.13
70,60,2496,14.88
70,61,3598,21.45
70,62,1778,10.59
70,63,4201,25.02
70,64,3482,24.44
70,65,9887,69.39
70,66,7142,50.11
70,67,3120,21.9
70,68,5482,38.47
70,69,687,5.48
70,70,8525,67.96
70,71,2518,20.07
70,72,2647,21.1
70,73,15425,122.96
70,74,7157,72.2
70,75,151,1.52
70,76,1214,12.25
70,77,1643,16.58
70,78,13331,134.47
70,79,9074,90.7
70,80,9059,90.55
70,81,7072,70.69
70,83,919,9.19
70,84,86,0.94
70,86,613,6.68
70,87,657,7.16
70,90,698,5.62
70,91,1505,12.11
70,92,4146,33.38
70,93,6877,55.39
70,94,3813,20.89
70,95,810,4.44
70,96,2167,11.88
70,97,327,1.79
70,99,2301,11.73
70,100,2991,15.24
70,102,1395,7.11
70,108,383,0.86
70,114,2004,5.58
70,115,1099,3.05
70,120,2866,19.46
70,121,5971,40.53
70,122,3652,24.79
70,123,320,2.17
70,124,5,0.02
70,126,347,1.43
70,4,0,0
70,20,129,0.25
70,21,262,0.51
70,33,609,1.69
70,44,4,0.02
70,46,69,0.34
70,47,2617,12.74
70,82,2478,24.77
70,116,474,1.32
70,125,3252,13.44
70,127,814,3.36
71,4,688,2.81
71,5,0,0
71,6,108,0.44
71,8,233,0.95
71,9,1038,1.88
71,12,349,0.63
71,13,2014,3.65
71,21,425,0.83
71,22,245,0.48
71,24,739,2.2
71,27,670,1.99
71,31,1879,5.22
71,33,932,2.59
71,35,1712,11.86
71,39,809,4.59
71,47,36,0.18
71,51,184,1.47
71,54,3622,21.67
71,55,6694,40.04
71,56,2968,17.76
71,57,3958,23.68
71,58,7027,42.02
71,59,3996,23.81
71,60,1403,8.37
71,61,485,2.89
71,63,339,2.02
71,65,6503,45.63
71,66,9362,65.7
71,67,12767,89.6
71,68,7816,54.85
71,69,3870,30.85
71,70,4106,32.74
71,71,6063,48.34
71,72,11148,88.87
71,73,12351,98.45
71,74,1266,12.77
71,75,1333,13.45
71,76,446,4.5
71,77,5453,55.01
71,78,13924,140.46
71,79,8334,83.31
71,80,11553,115.49
71,81,11751,117.47
71,82,6051,60.49
71,90,458,3.69
71,91,5576,44.9
71,92,2265,18.24
71,93,8569,69.01
71,94,4800,26.3
71,95,5389,29.53
71,96,1518,8.31
71,99,235,1.2
71,100,796,4.06
71,102,751,3.83
71,120,1807,12.27
71,121,6961,47.26
71,122,2959,20.09
71,123,7723,52.42
71,124,6549,27.05
71,125,394,1.63
71,127,1742,7.19
71,11,590,1.07
71,20,26,0.05
71,38,373,2.59
71,45,229,1.11
71,46,329,1.6
71,53,191,1.52
71,62,0,0
71,64,835,5.86
71,87,348,3.79
71,98,18,0.1
71,103,532,2.71
71,119,429,2.91
72,6,444,2.48
72,11,114,0.52
72,20,622,2.85
72,21,1146,5.26
72,26,7,0.03
72,27,354,1.42
72,29,725,2.75
72,30,2,0.01
72,31,90,0.34
72,32,852,3.23
72,39,1302,6.26
72,45,524,1.66
72,48,1285,4.07
72,53,727,4.35
72,54,5005,28.56
72,55,8119,46.34
72,56,6882,39.29
72,57,7034,40.15
72,58,5584,31.88
72,59,5362,27.13
72,60,2455,12.41
72,61,3318,16.78
72,62,2848,14.41
72,63,1157,5.85
72,64,2404,14.75
72,65,6640,40.74
72,66,10583,64.94
72,67,13602,83.44
72,68,15354,94.2
72,69,2303,22.85
72,70,5998,59.52
72,71,7165,71.11
72,72,6460,64.11
72,73,2506,24.87
72,74,0,0
72,75,0,0
72,76,6193,40.24
72,77,2972,19.31
72,78,9848,63.99
72,79,12430,126.22
72,80,13339,135.45
72,81,8368,84.98
72,82,27,0.27
72,83,839,8.52
72,84,1163,9.11
72,87,1232,9.64
72,89,445,3.47
72,90,5985,46.65
72,91,4119,32.11
72,92,2221,17.31
72,93,11422,89.04
72,94,6616,48.51
72,95,6458,47.35
72,96,2971,21.78
72,97,1093,8.02
72,98,3125,22.91
72,99,38,0.07
72,100,691,1.24
72,102,13,0.02
72,103,350,0.63
72,119,3435,12.54
72,120,5922,21.6
72,121,3360,12.26
72,122,320,1.17
72,123,1430,5.22
72,124,5505,34.06
72,125,627,3.88
72,1,160,0.47
72,12,0,0
72,16,319,1.89
72,41,2247,10.81
72,43,1018,4.9
72,47,0,0
72,88,109,0.85
72,110,309,1.16
72,112,1069,4
72,113,230,0.86
72,115,1117,6.17
72,118,3,0.02
72,127,290,1.79
73,1,1213,3.59
73,2,452,1.34
73,6,13,0.07
73,10,7,0.03
73,11,157,0.71
73,16,1804,10.72
73,17,1730,10.28
73,20,1207,5.53
73,22,864,3.96
73,34,1911,7.03
73,41,442,2.12
73,42,1061,5.11
73,43,1025,4.93
73,44,1115,3.53
73,45,2143,6.79
73,53,1087,6.51
73,54,10125,57.81
73,55,5629,32.13
73,56,9462,54.01
73,57,10288,58.74
73,58,6209,35.43
73,59,6616,33.47
73,60,3602,18.22
73,61,2596,13.13
73,62,1402,7.09
73,64,1643,10.09
73,65,6589,40.43
73,66,7026,43.12
73,67,9133,56.03
73,68,9115,55.92
73,69,3871,38.42
73,70,9595,95.22
73,71,10276,101.98
73,72,5011,49.73
73,75,0,0
73,76,747,4.86
73,77,1131,7.35
73,78,2633,17.11
73,79,4474,45.43
73,80,1037,10.53
73,82,658,6.68
73,86,3685,28.84
73,87,9571,74.91
73,88,24804,194.11
73,89,3653,28.47
73,90,6925,53.98
73,91,2446,19.07
73,92,2431,18.96
73,93,5811,45.3
73,94,4039,29.62
73,95,2032,14.9
73,96,3232,23.69
73,97,1534,11.25
73,98,2101,15.4
73,111,38,0.14
73,112,1135,4.25
73,113,172,0.64
73,115,0,0
73,116,165,0.91
73,117,2588,14.29
73,118,2933,16.21
73,119,3796,13.85
73,120,9753,35.59
73,121,4849,17.69
73,124,588,3.64
73,125,239,1.48
73,127,5773,35.7
73,7,328,1.83
73,21,718,3.29
73,23,13,0.06
73,24,526,2.11
73,32,858,3.26
73,33,2,0.01
73,50,123,0.74
73,51,88,0.53
73,63,208,1.05
73,73,2648,26.27
73,74,0,0
73,83,3,0.03
73,84,25,0.2
73,85,1999,15.64
73,101,28,0.05
73,102,1469,2.64
73,103,0,0
73,105,5,0.03
73,110,39,0.15
73,122,975,3.56
73,126,1180,7.3
74,17,1163,6.91
74,19,617,2.82
74,21,718,3.29
74,26,5,0.02
74,32,889,3.38
74,33,4,0.02
74,34,276,1.02
74,35,1201,4.42
74,44,4372,13.86
74,45,1595,5.06
74,50,1109,6.64
74,51,292,1.75
74,53,2216,13.27
74,54,4822,27.53
74,55,886,5.06
74,56,3300,18.83
74,57,3166,18.07
74,58,4697,26.81
74,59,2179,11.02
74,63,758,3.83
74,64,545,3.35
74,65,534,3.28
74,66,4455,27.34
74,67,11347,69.61
74,68,7432,45.6
74,69,3309,32.84
74,70,4093,40.62
74,71,1043,10.35
74,72,1187,11.78
74,73,718,7.13
74,74,270,1.75
74,75,1059,6.88
74,76,3050,19.81
74,77,1852,12.04
74,78,6249,40.6
74,79,6884,69.91
74,80,0,0
74,82,452,4.59
74,83,275,2.79
74,84,1373,10.74
74,85,6031,47.2
74,86,5604,43.86
74,87,6935,54.27
74,88,8958,70.1
74,89,4017,31.31
74,90,849,6.62
74,91,3310,25.8
74,92,3691,28.77
74,93,2037,15.88
74,95,3367,24.69
74,96,3091,22.67
74,97,2043,14.98
74,101,335,0.6
74,102,1024,1.84
74,103,0,0
74,105,276,1.67
74,110,967,3.62
74,112,4,0.01
74,113,173,0.65
74,116,850,4.69
74,117,954,5.26
74,118,5160,28.5
74,119,227,0.83
74,120,12239,44.64
74,121,132,0.48
74,123,1067,3.9
74,125,1279,7.91
74,126,3630,22.46
74,127,6336,39.18
74,1,52,0.15
74,15,13,0.08
74,18,0,0
74,22,4,0.02
74,23,721,3.3
74,25,2,0.01
74,38,3,0.01
74,81,13,0.13
74,94,2130,15.62
74,98,5,0.04
74,124,10,0.06
75,1,567,1.68
75,3,145,0.43
75,4,104,0.58
75,15,1671,9.93
75,17,1,0.01
75,18,809,4.8
75,21,2269,10.4
75,22,47,0.22
75,24,583,2.33
75,25,475,1.9
75,27,4,0.02
75,30,15,0.06
75,35,439,1.61
75,37,1408,5.18
75,38,744,2.74
75,40,373,1.79
75,41,1187,5.71
75,43,107,0.51
75,44,328,1.04
75,50,694,4.16
75,57,6374,36.38
75,58,7575,43.24
75,59,3107,15.72
75,62,321,1.62
75,63,292,1.48
75,64,971,5.96
75,66,3374,20.7
75,67,6600,40.48
75,68,6241,38.29
75,69,1244,12.34
75,70,0,0
75,71,189,1.88
75,72,390,3.87
75,73,578,5.74
75,74,3175,20.63
75,75,1293,8.41
75,76,9696,63.01
75,77,11152,72.46
75,78,3801,24.7
75,79,0,0
75,81,217,2.2
75,82,886,9
75,83,1303,13.23
75,84,260,2.03
75,85,4615,36.11
75,86,12233,95.74
75,87,9009,70.51
75,88,3834,30.01
75,89,7306,56.95
75,90,6446,50.25
75,91,1583,12.34
75,92,2001,15.6
75,93,4920,38.35
75,94,1777,13.03
75,95,3455,25.34
75,96,1582,11.6
75,97,962,7.05
75,100,381,0.69
75,115,313,1.73
75,116,56,0.31
75,117,378,2.09
75,118,2688,14.85
75,119,4521,16.49
75,120,1226,4.47
75,123,728,2.66
75,125,2105,13.02
75,126,4110,25.42
75,127,4225,26.14
75,16,114,0.68
75,19,20,0.09
75,20,17,0.08
75,32,415,1.58
75,34,662,2.44
75,36,91,0.33
75,51,89,0.53
75,54,217,1.24
75,55,891,5.08
75,60,105,0.53
75,65,214,1.31
75,101,35,0.06
75,102,41,0.07
75,105,141,0.86
75,110,6,0.02
75,111,2,0.01
75,112,2,0.01
75,121,235,0.86
76,15,731,4.34
76,18,39,0.23
76,19,926,4.24
76,20,1725,7.91
76,21,366,1.68
76,24,1537,6.16
76,29,171,0.65
76,30,182,0.69
76,31,269,1.02
76,34,133,0.49
76,35,1252,4.61
76,36,14,0.05
76,37,422,1.55
76,38,686,2.52
76,39,3421,16.46
76,40,36,0.17
76,41,2122,10.21
76,50,938,5.62
76,51,961,5.76
76,52,27,0.16
76,57,5096,29.09
76,58,3557,20.3
76,59,2279,11.52
76,60,1025,5.19
76,61,698,3.54
76,64,275,1.69
76,65,516,3.16
76,67,468,2.87
76,68,4845,29.73
76,69,542,5.38
76,70,191,1.9
76,71,1386,13.75
76,72,2019,20.04
76,73,737,7.32
76,74,783,5.08
76,75,3962,25.74
76,76,9024,58.64
76,77,9538,61.98
76,78,6525,42.4
76,81,10,0.1
76,82,914,9.28
76,86,3100,24.26
76,87,5350,41.88
76,88,5751,45.01
76,89,1687,13.14
76,90,8586,66.92
76,91,5167,40.28
76,92,670,5.22
76,93,797,6.21
76,95,1546,11.33
76,96,2916,21.39
76,110,50,0.19
76,111,195,0.73
76,119,2176,7.95
76,120,4631,16.9
76,121,1494,5.45
76,122,3084,11.26
76,125,621,3.85
76,126,88,0.54
76,0,339,1
76,4,0,0
76,7,5,0.03
76,11,1037,4.69
76,12,12,0.05
76,14,1202,7.14
76,55,0,0
76,79,1465,14.88
76,83,271,2.75
76,94,791,5.8
76,97,144,1.06
76,103,39,0.07
76,104,682,4.14
76,106,379,2.3
76,109,150,0.56
76,123,463,1.69
77,0,531,1.72
77,2,540,1.74
77,3,7,0.02
77,4,1331,3.36
77,7,1959,4.94
77,9,36,0.15
77,11,46,0.19
77,12,1265,5.15
77,13,1306,5.31
77,14,869,3.45
77,19,176,0.86
77,29,1845,8.31
77,30,130,0.59
77,31,156,0.7
77,32,3170,14.28
77,37,614,2.04
77,39,7738,42.03
77,41,1881,10.22
77,50,2,0
77,51,5819,11.28
77,55,1718,7.41
77,56,1212,5.23
77,57,7,0.03
77,58,1231,5.32
77,59,17,0.06
77,60,685,2.6
77,61,639,2.42
77,62,614,2.33
77,64,377,2.15
77,68,827,4.7
77,69,424,2.82
77,70,110,0.73
77,71,1580,10.53
77,72,817,5.44
77,73,3663,24.41
77,74,6884,69.76
77,75,3115,31.56
77,76,7219,73.15
77,77,5008,50.74
77,78,5030,50.98
77,79,785,6.12
77,81,417,3.25
77,83,623,4.86
77,85,178,1.03
77,86,2194,12.64
77,87,821,4.73
77,88,6789,39.14
77,89,3171,24.23
77,90,3013,23.02
77,91,7435,56.79
77,92,4127,31.53
77,93,2281,17.42
77,94,799,4.67
77,95,120,0.7
77,96,1541,9
77,97,2119,12.38
77,98,0,0
77,101,1099,4.68
77,102,1696,7.22
77,103,765,3.25
77,104,201,0.32
77,105,1260,1.97
77,106,374,0.58
77,108,403,0.63
77,109,869,1.44
77,110,470,0.78
77,120,3254,17.32
77,121,1787,9.51
77,122,1026,5.46
77,123,1772,9.43
77,126,799,3.04
77,10,69,0.28
77,15,2097,8.33
77,16,2,0.01
77,17,208,0.83
77,22,258,1.26
77,24,341,2.5
77,26,4,0.03
77,34,123,0.41
77,36,619,2.05
77,40,2286,12.41
77,63,19,0.07
77,65,1227,6.97
77,66,3261,18.53
77,82,145,1.13
77,99,7,0.03
77,119,138,0.73
77,127,0,0
78,0,5,0.02
78,9,915,3.72
78,10,206,0.84
78,15,3123,12.4
78,16,482,1.91
78,17,109,0.43
78,19,483,2.37
78,22,1740,8.51
78,23,730,3.57
78,25,1289,9.43
78,33,335,1.51
78,36,90,0.3
78,40,3619,19.66
78,41,6174,33.55
78,53,1589,3.08
78,54,777,3.36
78,58,2,0.01
78,61,484,1.84
78,63,1023,3.88
78,64,0,0
78,65,434,2.47
78,67,2654,15.08
78,68,663,3.77
78,69,407,2.72
78,70,12,0.08
78,71,1766,11.77
78,72,3107,20.69
78,73,1239,8.25
78,74,6664,67.53
78,75,3238,32.81
78,76,6030,61.1
78,77,12367,125.33
78,78,15471,156.76
78,79,9060,70.63
78,80,4424,34.49
78,82,432,3.37
78,85,718,4.14
78,86,1266,7.3
78,87,1174,6.77
78,88,1056,6.09
78,89,5157,39.4
78,90,5341,40.81
78,91,1898,14.5
78,92,1022,7.81
78,93,5965,45.56
78,94,3526,20.59
78,96,900,5.25
78,97,1,0.01
78,100,1869,7.96
78,101,2725,11.6
78,103,719,3.06
78,109,423,0.7
78,117,226,0.49
78,118,96,0.21
78,119,1947,10.36
78,120,1958,10.42
78,121,3839,20.44
78,122,3226,17.17
78,127,716,2.72
78,21,149,0.73
78,26,6,0.04
78,27,1574,11.51
78,29,128,0.58
78,31,36,0.16
78,42,959,5.21
78,49,294,0.57
78,52,23,0.04
78,59,495,1.88
78,66,144,0.82
78,81,720,5.61
78,95,387,2.26
78,98,1,0.01
78,99,464,1.97
78,102,340,1.45
79,1,23,0.07
79,18,2967,11.78
79,21,802,3.92
79,25,452,3.31
79,26,313,2.29
79,27,1924,14.07
79,28,1198,8.76
79,40,242,1.31
79,41,7907,42.95
79,42,2499,13.58
79,49,141,0.27
79,51,1088,2.11
79,52,2299,4.46
79,57,533,2.3
79,59,255,0.97
79,62,1833,6.96
79,63,3485,13.23
79,64,773,4.39
79,65,3019,17.15
79,66,4069,23.12
79,67,3828,21.75
79,68,1290,7.33
79,70,1159,7.72
79,71,705,4.69
79,72,1223,8.15
79,73,7259,48.35
79,74,4504,45.64
79,75,2229,22.59
79,76,4490,45.5
79,77,10737,108.8
79,78,12921,130.93
79,79,11404,88.9
79,80,9909,77.24
79,82,542,4.23
79,86,4882,28.15
79,87,3011,17.36
79,88,1674,9.65
79,89,1213,9.26
79,90,3893,29.74
79,91,787,6.01
79,92,3,0.02
79,93,212,1.62
79,94,2523,14.73
79,95,1745,10.19
79,96,3175,18.53
79,97,0,0
79,98,27,0.16
79,99,1624,6.91
79,101,25,0.11
79,102,187,0.8
79,103,629,2.68
79,106,6160,9.62
79,109,711,1.18
79,117,265,0.57
79,119,328,1.75
79,120,3038,16.17
79,121,1354,7.21
79,122,975,5.19
79,17,1144,4.54
79,29,256,1.15
79,30,883,3.98
79,47,92,0.27
79,50,485,0.94
79,83,1738,13.55
79,84,700,4.04
79,85,615,3.55
79,126,2975,11.3
79,127,19,0.07
80,0,748,2.41
80,4,851,2.15
80,6,796,2.01
80,7,609,1.53
80,13,693,2.82
80,17,975,3.87
80,19,41,0.2
80,20,950,4.64
80,25,569,4.17
80,26,655,4.8
80,27,2260,16.54
80,28,5745,42.04
80,29,1785,8.04
80,30,1211,5.45
80,31,116,0.52
80,33,2,0.01
80,36,629,2.08
80,40,3055,16.6
80,41,2186,11.88
80,46,197,0.58
80,47,957,2.81
80,56,33,0.14
80,57,1618,6.98
80,58,1443,6.23
80,61,265,1.01
80,62,1649,6.27
80,63,5188,19.71
80,64,2253,12.8
80,65,1559,8.86
80,66,3510,19.94
80,67,3415,19.41
80,68,3699,21.01
80,70,5575,37.14
80,71,5925,39.47
80,72,1954,13.01
80,73,6459,43.02
80,74,1431,14.5
80,75,614,6.21
80,76,292,2.96
80,77,4577,46.37
80,78,11834,119.91
80,79,15080,117.55
80,80,2019,15.74
80,81,2751,21.44
80,82,1157,9.02
80,83,576,4.49
80,84,294,1.7
80,86,2975,17.16
80,87,1289,7.44
80,88,3043,17.56
80,89,1809,13.82
80,90,6561,50.12
80,91,542,4.14
80,94,3151,18.4
80,95,583,3.4
80,96,848,4.95
80,97,1449,8.46
80,98,0,0
80,101,14,0.06
80,103,362,1.54
80,104,107,0.17
80,106,2391,3.73
80,113,612,1.02
80,117,1210,2.62
80,118,540,1.17
80,125,706,2.68
80,126,785,2.98
80,9,5,0.02
80,14,1223,4.86
80,15,390,1.55
80,34,0,0
80,48,37,0.11
80,49,51,0.1
80,69,1205,8.03
80,85,282,1.63
80,92,1601,12.23
80,93,2113,16.15
80,123,131,0.69
80,127,172,0.65
81,2,1614,5.2
81,9,263,1.07
81,10,1710,6.95
81,11,611,2.49
81,13,2,0.01
81,20,1619,7.92
81,26,2521,18.45
81,27,9645,70.59
81,28,4434,32.45
81,29,2537,11.42
81,30,835,3.76
81,31,70,0.32
81,33,45,0.2
81,34,1151,3.82
81,37,352,1.17
81,38,2152,7.13
81,44,360,1.06
81,45,415,1.22
81,46,651,1.92
81,48,12,0.04
81,49,73,0.14
81,60,2556,9.72
81,62,306,1.16
81,63,1016,3.86
81,64,1009,5.74
81,65,817,4.64
81,66,387,2.2
81,67,611,3.47
81,68,3296,18.73
81,69,2117,14.1
81,70,1575,10.49
81,71,4999,33.29
81,72,3179,21.18
81,73,1483,9.88
81,74,110,1.12
81,75,272,2.76
81,76,314,3.18
81,77,1068,10.82
81,78,7990,80.97
81,79,8792,68.53
81,80,1262,9.83
81,81,8509,66.33
81,82,8477,66.07
81,83,3285,25.61
81,84,297,1.71
81,85,53,0.31
81,86,663,3.82
81,87,1928,11.12
81,88,1215,7
81,89,3915,29.91
81,90,2999,22.91
81,91,3727,28.47
81,92,3173,24.24
81,93,4221,32.25
81,94,2455,14.34
81,95,1037,6.05
81,97,1616,9.43
81,98,1630,9.51
81,99,876,3.73
81,101,1400,5.96
81,104,479,0.75
81,106,151,0.24
81,113,1138,1.89
81,114,2330,5.04
81,115,1397,3.03
81,117,545,1.18
81,126,2718,10.32
81,127,679,2.58
81,16,6,0.02
81,21,2051,10.03
81,42,661,3.59
81,59,0,0
81,61,5,0.02
81,116,775,1.68
81,122,27,0.15
82,5,2376,6.26
82,6,174,0.46
82,9,1270,7.26
82,10,1234,7.06
82,11,1574,9
82,14,682,2.52
82,20,631,2.55
82,21,18,0.07
82,22,34,0.14
82,26,4695,30.53
82,27,9991,64.96
82,28,4696,30.54
82,29,834,2.33
82,30,0,0
82,31,5,0.01
82,32,5,0.01
82,37,1759,12.71
82,44,825,2.89
82,45,461,1.62
82,48,259,0.91
82,49,1128,3.09
82,59,528,3.74
82,60,756,5.36
82,61,2256,16.01
82,62,2004,14.22
82,63,345,2.45
82,64,405,3.05
82,66,1077,8.1
82,68,65,0.49
82,69,704,3.59
82,70,1078,5.5
82,71,862,4.39
82,72,1016,5.18
82,73,2065,10.53
82,74,1684,12.82
82,75,0,0
82,76,5250,39.95
82,77,845,6.43
82,78,1339,10.19
82,79,7066,59.56
82,80,5472,46.12
82,81,10467,88.23
82,82,13953,117.61
82,83,8343,70.32
82,84,250,1.9
82,85,22,0.17
82,86,1579,12.01
82,87,2366,18
82,88,5568,42.36
82,89,5339,37.12
82,90,2854,19.83
82,91,5084,35.35
82,92,4576,31.82
82,93,2375,16.51
82,94,3203,16.1
82,95,2355,11.84
82,97,386,1.95
82,98,1496,7.52
82,99,277,2.07
82,100,1244,9.31
82,102,561,4.2
82,107,28,0.09
82,113,285,0.42
82,114,1332,3.75
82,116,645,1.82
82,122,392,1.22
82,123,1,0
82,126,0,0
82,127,0,0
82,3,634,1.44
82,4,60,0.16
82,13,32,0.18
82,35,253,1.83
82,38,842,6.08
82,39,414,2.57
82,47,3,0.01
82,65,1428,10.74
82,67,23,0.17
82,108,10,0.03
82,115,513,1.44
83,3,800,1.81
83,4,2554,6.73
83,5,1011,2.67
83,9,1529,8.75
83,10,1592,9.11
83,11,1217,6.96
83,13,2502,14.32
83,25,1054,6.85
83,27,4311,28.02
83,28,222,1.45
83,31,364,1.02
83,33,903,2.52
83,36,811,5.86
83,37,2420,17.48
83,38,1299,9.38
83,42,382,2.37
83,47,2594,9.11
83,48,510,1.79
83,51,14,0.04
83,54,1741,7.81
83,55,423,1.9
83,57,415,1.86
83,59,677,4.8
83,60,1744,12.38
83,61,949,6.73
83,64,1818,13.67
83,65,3115,23.42
83,66,1095,8.24
83,67,26,0.2
83,68,3003,22.58
83,69,4922,25.1
83,70,4433,22.6
83,71,2867,14.62
83,72,1223,6.24
83,73,123,0.63
83,74,620,4.71
83,75,205,1.56
83,76,33,0.25
83,77,526,4
83,78,680,5.17
83,79,6055,51.04
83,80,11173,94.17
83,81,11866,100.02
83,82,6061,51.08
83,83,5979,50.4
83,84,1128,8.58
83,85,23,0.17
83,87,2929,22.29
83,88,4108,31.26
83,89,3077,21.4
83,90,2163,15.05
83,91,3964,27.57
83,92,5594,38.9
83,93,6863,47.72
83,94,5213,26.21
83,95,419,2.11
83,98,316,1.59
83,99,1059,7.93
83,103,414,3.1
83,104,257,0.81
83,108,65,0.2
83,109,700,1.02
83,114,359,1.01
83,115,75,0.21
83,116,659,1.86
83,118,328,0.93
83,119,1358,4.24
83,121,1,0
83,8,94,0.25
83,12,479,2.74
83,18,1,0
83,19,25,0.1
83,20,0,0
83,41,0,0
83,46,60,0.21
83,52,8,0.02
83,56,360,1.61
83,58,1100,4.93
83,63,880,6.25
83,86,1,0.01
83,100,1111,8.32
83,107,88,0.28
84,4,319,0.84
84,5,66,0.17
84,9,502,2.87
84,11,437,2.5
84,20,113,0.46
84,21,953,3.86
84,22,8,0.03
84,28,441,2.87
84,31,546,1.52
84,35,940,6.79
84,38,149,1.08
84,41,127,0.79
84,44,0,0
84,45,393,1.38
84,46,104,0.36
84,47,52,0.18
84,51,1144,3.13
84,56,5,0.02
84,57,3386,15.17
84,58,3344,14.98
84,59,626,4.44
84,60,871,6.18
84,61,7,0.05
84,63,2218,15.74
84,64,9100,68.45
84,65,1767,13.29
84,66,5971,44.91
84,67,7260,54.6
84,68,4174,31.39
84,69,3598,18.34
84,70,3225,16.45
84,71,901,4.59
84,72,898,4.58
84,73,2042,10.4
84,74,2496,19
84,75,1205,9.18
84,76,1370,10.43
84,77,480,3.65
84,78,1212,9.23
84,79,5152,43.43
84,80,12663,106.74
84,81,10027,84.52
84,82,4242,35.76
84,83,3598,30.33
84,84,2721,20.69
84,85,685,5.21
84,86,5947,45.24
84,87,3785,28.8
84,88,3524,26.81
84,89,2039,14.18
84,90,2691,18.72
84,91,4723,32.84
84,92,4221,29.36
84,93,2405,16.72
84,94,1176,5.91
84,99,467,3.5
84,100,62,0.46
84,106,2003,6.29
84,107,96,0.3
84,116,462,1.3
84,117,332,0.94
84,121,1433,4.47
84,122,1023,3.19
84,123,141,0.44
84,10,4,0.02
84,18,20,0.07
84,19,425,1.72
84,29,11,0.03
84,36,953,6.88
84,37,111,0.8
84,50,874,2.39
84,62,4,0.03
84,113,243,0.36
84,119,8,0.02
84,120,155,0.48
84,124,11,0
85,8,1324,3.49
85,9,3831,21.92
85,13,368,2.11
85,16,66,0.24
85,21,1400,5.67
85,27,49,0.32
85,28,115,0.75
85,29,8,0.02
85,30,439,1.23
85,31,11,0.03
85,33,29,0.08
85,34,147,1.06
85,36,9,0.06
85,40,664,4.11
85,44,17,0.06
85,50,2108,5.77
85,56,3295,14.77
85,57,2965,13.29
85,58,1943,8.71
85,64,8418,63.31
85,65,7303,54.94
85,66,8357,62.85
85,67,2575,19.36
85,68,4086,30.73
85,69,1521,7.76
85,70,1393,7.1
85,71,338,1.72
85,72,4355,22.21
85,73,5968,30.44
85,74,10924,83.13
85,75,4620,35.17
85,76,8910,67.81
85,77,9577,72.89
85,78,12376,94.19
85,79,17648,148.76
85,80,11318,95.4
85,81,17584,148.22
85,82,12819,108.05
85,83,7097,59.82
85,84,3759,28.6
85,85,1,0.01
85,86,2650,20.16
85,87,6844,52.06
85,88,6922,52.66
85,89,3963,27.55
85,90,5233,36.38
85,91,4308,29.95
85,92,2198,15.29
85,93,1202,8.36
85,94,689,3.47
85,109,20,0.03
85,113,2188,3.2
85,114,853,2.4
85,120,2888,9
85,121,1793,5.59
85,123,289,0.9
85,12,654,3.74
85,39,27,0.17
85,46,30,0.11
85,48,651,2.28
85,49,2,0.01
85,55,335,1.5
85,59,370,2.63
85,60,1276,9.06
85,62,167,1.19
85,101,425,3.18
85,102,84,0.63
85,110,63,0.09
85,122,11,0.03
86,4,679,1.79
86,9,148,0.85
86,11,1065,6.09
86,14,726,2.68
86,23,1803,7.3
86,45,129,0.45
86,46,160,0.56
86,48,126,0.44
86,49,0,0
86,50,570,1.56
86,55,451,2.02
86,56,2809,12.59
86,57,406,1.82
86,59,1771,12.57
86,60,5150,36.55
86,61,5611,39.81
86,62,1813,12.87
86,64,5816,43.74
86,65,6884,51.78
86,66,4765,35.83
86,67,4674,35.15
86,68,1197,9
86,69,134,0.68
86,70,1814,9.24
86,71,2280,11.62
86,72,3903,19.9
86,73,1877,9.57
86,74,8870,67.49
86,75,9822,74.74
86,76,10993,83.66
86,77,12803,97.43
86,78,12213,92.94
86,79,15935,134.32
86,80,11620,97.94
86,81,10697,90.17
86,82,12516,105.5
86,83,12756,107.51
86,84,10137,77.11
86,86,5292,40.26
86,87,8212,62.47
86,88,9082,69.09
86,89,5358,37.26
86,90,5632,39.17
86,91,2916,20.28
86,92,1321,9.19
86,93,936,6.51
86,94,910,4.58
86,95,728,3.66
86,96,1584,7.96
86,98,1012,5.09
86,102,337,2.53
86,109,587,0.86
86,110,4071,5.96
86,111,31,0.05
86,112,212,0.31
86,113,486,0.71
86,114,2,0.01
86,120,52,0.16
86,3,291,0.66
86,7,498,1.31
86,8,706,1.86
86,10,266,1.52
86,15,124,0.46
86,16,7,0.03
86,22,22,0.09
86,25,319,2.07
86,26,405,2.63
86,30,68,0.19
86,47,182,0.64
86,63,274,1.94
86,85,6,0.05
86,101,102,0.76
86,118,127,0.36
86,121,73,0.23
86,122,3,0.01
87,7,2,0.01
87,9,1955,13.09
87,10,752,5.04
87,11,1778,11.91
87,14,526,1.93
87,15,2,0.01
87,16,1094,4.02
87,17,12,0.04
87,20,344,1.4
87,21,1250,5.09
87,23,4190,17.05
87,25,781,1.69
87,26,200,0.43
87,34,1636,9.21
87,47,23,0.16
87,53,818,5.32
87,54,235,1.29
87,56,210,1.16
87,58,733,4.05
87,59,1597,9.33
87,60,1122,6.55
87,61,1709,9.99
87,62,220,1.28
87,65,639,4.17
87,66,7528,49
87,67,1488,9.69
87,70,192,1.25
87,71,456,2.97
87,72,1002,6.53
87,73,2576,16.79
87,74,8548,59.07
87,75,3842,26.55
87,76,5321,36.77
87,77,5566,38.46
87,78,7609,52.57
87,79,15461,129.08
87,80,21486,179.38
87,81,9674,80.76
87,82,11568,96.59
87,83,18327,153
87,84,5865,37.68
87,85,19,0.12
87,86,3208,20.61
87,87,12429,79.84
87,88,6639,42.65
87,89,8494,57.01
87,90,4165,27.95
87,91,4820,32.35
87,92,1911,12.82
87,93,449,3.01
87,96,1032,5.74
87,107,438,2.64
87,109,99,0.21
87,110,844,1.76
87,118,1112,2.95
87,119,1,0
87,121,815,3.76
87,8,243,1.28
87,12,0,0
87,13,487,3.26
87,18,20,0.07
87,24,6,0.01
87,29,667,2.43
87,35,71,0.4
87,40,784,3.64
87,41,904,4.2
87,55,1,0.01
87,64,1,0.01
87,68,297,1.93
87,69,1490,9.71
87,94,441,2.45
87,95,389,2.16
87,99,0,0
87,102,78,0.14
87,103,359,0.64
87,106,18,0.11
87,120,5,0.02
87,127,815,1.37
88,9,520,3.48
88,11,626,4.19
88,12,207,1.39
88,15,131,0.48
88,16,334,1.22
88,23,847,3.45
88,24,246,0.53
88,25,20,0.04
88,27,531,1.15
88,31,490,1.78
88,32,21,0.08
88,40,1089,5.05
88,58,3,0.02
88,61,692,4.04
88,62,1350,7.88
88,63,4469,26.11
88,64,5635,36.68
88,65,1416,9.22
88,66,1568,10.21
88,67,76,0.5
88,68,4598,29.93
88,69,1624,10.59
88,71,1359,8.85
88,73,378,2.46
88,74,4649,32.12
88,75,308,2.13
88,76,2792,19.28
88,77,2636,18.22
88,78,3295,22.77
88,79,3180,26.55
88,80,8688,72.54
88,81,13262,110.73
88,82,9112,76.08
88,83,28008,233.84
88,84,15560,99.95
88,85,54,0.34
88,86,9641,61.94
88,87,10863,69.78
88,88,5190,33.34
88,89,4285,28.76
88,90,412,2.76
88,91,314,2.11
88,92,1791,12.02
88,95,1192,6.62
88,98,56,0.31
88,99,547,0.96
88,102,5,0.01
88,103,458,0.8
88,104,1067,6.44
88,105,131,0.79
88,115,4,0.01
88,118,349,0.92
88,120,0,0
88,124,395,0.66
88,126,1156,1.94
88,127,984,1.65
88,2,368,1.09
88,4,1662,8.77
88,18,10,0.04
88,19,31,0.13
88,41,3,0.01
88,44,0,0
88,45,7,0.05
88,48,0,0
88,49,0,0
88,51,333,2.17
88,70,761,4.96
88,72,4,0.03
88,113,1043,2.17
88,114,1064,2.82
88,117,2,0.01
88,123,19,0.09
89,2,362,1.08
89,4,22,0.12
89,8,2027,10.7
89,9,5609,37.56
89,10,753,5.04
89,13,1883,12.61
89,14,27,0.1
89,21,9,0.04
89,24,1,0
89,31,4,0.01
89,37,2069,11.63
89,40,0,0
89,44,700,4.85
89,45,0,0
89,47,240,1.66
89,48,436,3.02
89,49,444,2.89
89,55,1667,9.2
89,56,0,0
89,57,1895,10.45
89,62,507,2.97
89,63,935,5.46
89,64,3807,24.79
89,65,850,5.54
89,66,18,0.12
89,67,926,6.03
89,68,2661,17.32
89,69,621,4.05
89,70,2053,13.39
89,72,9,0.06
89,73,382,2.49
89,74,2997,20.71
89,76,7075,48.88
89,77,5134,35.47
89,78,4923,34.02
89,79,3218,26.88
89,80,4873,40.67
89,81,5281,44.09
89,82,7689,64.2
89,83,20067,167.54
89,84,27573,177.13
89,85,595,3.82
89,86,24009,154.23
89,87,19892,127.79
89,88,11679,75.03
89,89,8360,56.11
89,90,2268,15.23
89,91,1760,11.81
89,92,4336,29.1
89,93,3705,24.87
89,95,683,3.8
89,96,338,1.88
89,98,719,4
89,101,1833,3.21
89,104,34,0.21
89,112,2024,4.21
89,113,2576,5.35
89,114,353,0.94
89,123,282,1.3
89,124,221,0.37
89,126,14,0.02
89,127,257,0.43
89,0,278,0.83
89,7,11,0.06
89,36,594,3.34
89,43,2,0.01
89,52,43,0.28
89,53,909,5.91
89,54,69,0.38
89,60,7,0.04
89,75,35,0.24
89,94,710,3.95
89,97,124,0.69
89,100,0,0
89,106,10,0.06
89,125,669,1.12
90,4,12,0.06
90,5,0,0
90,13,40,0.27
90,17,590,2.16
90,20,938,3.82
90,24,2,0
90,29,730,2.66
90,36,773,4.35
90,37,3407,19.16
90,38,75,0.43
90,39,414,1.92
90,40,801,3.71
90,43,767,3.56
90,44,0,0
90,47,989,6.85
90,51,4684,30.46
90,52,4353,28.31
90,53,52,0.34
90,60,1381,8.07
90,61,1436,8.39
90,62,910,5.32
90,63,1853,10.82
90,64,3500,22.79
90,65,1103,7.18
90,66,3590,23.37
90,67,2028,13.2
90,68,1417,9.23
90,69,157,1.02
90,72,1152,7.51
90,73,1210,7.88
90,74,7289,50.36
90,75,10293,71.12
90,76,4287,29.62
90,77,2366,16.35
90,78,1238,8.55
90,79,4796,40.04
90,80,4645,38.78
90,81,4660,38.91
90,82,12721,106.2
90,83,14116,117.85
90,84,16074,103.25
90,85,1339,8.6
90,86,3622,23.28
90,87,8747,56.18
90,88,5219,33.52
90,89,3626,24.35
90,90,4377,29.38
90,91,3874,26
90,92,3352,22.5
90,93,3996,26.82
90,96,169,0.94
90,97,145,0.81
90,101,315,0.55
90,102,332,0.58
90,125,1470,2.46
90,126,225,0.38
90,127,1688,2.82
90,16,1331,4.88
90,18,42,0.15
90,34,253,1.43
90,46,593,4.11
90,49,353,2.3
90,50,660,4.29
90,54,2,0.01
90,71,80,0.52
90,95,553,3.07
90,104,125,0.75
90,118,660,1.75
91,16,65,0.24
91,18,179,0.66
91,21,5,0.02
91,31,745,2.71
91,33,0,0
91,34,2006,11.28
91,35,225,1.27
91,36,159,0.89
91,37,4598,25.87
91,38,666,3.75
91,39,386,1.79
91,43,2391,11.1
91,44,3204,22.22
91,45,1719,11.91
91,46,4091,28.37
91,47,2006,13.91
91,48,1279,8.87
91,49,423,2.75
91,50,3476,22.61
91,51,3638,23.66
91,52,1188,7.73
91,56,7,0.04
91,59,1539,8.99
91,60,1706,9.96
91,61,4346,25.38
91,62,1007,5.89
91,63,5574,32.55
91,64,28,0.18
91,65,1640,10.68
91,66,4759,30.98
91,67,3166,20.61
91,68,6405,41.69
91,69,2865,18.68
91,71,2907,18.95
91,72,1260,8.22
91,73,6150,40.07
91,74,2367,16.36
91,75,1793,12.39
91,77,3,0.02
91,79,2503,20.9
91,80,4691,39.17
91,81,8624,72
91,82,12691,105.96
91,83,4466,37.29
91,84,5040,32.38
91,85,3119,20.04
91,86,628,4.03
91,87,5093,32.72
91,88,2921,18.76
91,89,4804,32.24
91,90,6213,41.7
91,91,6036,40.53
91,92,3065,20.58
91,95,22,0.12
91,101,1196,2.1
91,118,2105,5.57
91,119,1065,4.92
91,120,1658,7.66
91,121,1962,9.05
91,122,45,0.21
91,4,0,0
91,9,620,4.15
91,13,3,0.02
91,20,4,0.02
91,27,61,0.13
91,29,1308,4.76
91,30,158,0.57
91,41,0,0
91,55,1492,8.23
91,57,171,0.94
91,58,1671,9.22
91,70,3,0.02
91,96,439,2.44
91,97,5,0.03
91,111,148,0.31
91,114,22,0.06
92,3,727,0
92,4,426,1.61
92,5,181,0.69
92,8,8,0.03
92,9,895,3.31
92,11,862,3.18
92,27,161,0.61
92,29,771,3.68
92,30,1002,4.78
92,36,3129,18.12
92,37,3598,20.85
92,38,11,0.06
92,41,905,3.93
92,42,255,1.11
92,43,3886,16.87
92,44,2284,16.94
92,46,2318,17.2
92,47,3780,28.04
92,48,25,0.19
92,49,3227,13.2
92,50,2306,9.43
92,55,1319,5.39
92,56,732,3
92,57,3980,16.28
92,58,1800,7.37
92,61,16,0.1
92,62,5863,37.8
92,63,3063,19.75
92,64,1422,9.11
92,65,5029,32.19
92,66,4420,28.3
92,67,6420,41.12
92,68,2936,18.79
92,69,2274,13.81
92,71,2625,15.93
92,72,8282,50.29
92,73,2972,18.05
92,75,170,0.75
92,76,2617,11.57
92,77,454,2
92,80,828,5.31
92,81,3295,21.14
92,82,2664,17.09
92,83,725,4.65
92,84,0,0
92,85,1718,15.49
92,86,1669,15.04
92,87,3377,30.44
92,88,9974,89.9
92,89,5982,40.06
92,90,3536,23.67
92,91,2112,14.14
92,96,1469,8.04
92,97,424,2.32
92,98,1189,6.51
92,104,2018,5.43
92,113,33,0.29
92,120,2317,9.2
92,121,1054,4.19
92,22,206,1.57
92,24,1003,3.77
92,25,21,0.08
92,28,339,1.28
92,33,166,0.79
92,45,429,3.19
92,51,280,1.15
92,99,715,3.41
92,116,17,0.07
92,124,9,0
93,10,12,0.04
93,14,478,1.69
93,15,1207,4.27
93,17,473,1.67
93,24,1600,6.02
93,25,2384,8.97
93,30,983,4.69
93,36,906,5.25
93,37,3683,21.33
93,43,1231,5.35
93,44,8508,63.12
93,45,5867,43.52
93,46,6721,49.86
93,47,3826,28.39
93,48,2434,18.06
93,49,1601,6.55
93,52,2,0.01
93,55,1960,8.01
93,58,629,2.58
93,62,3268,21.07
93,63,2133,13.76
93,65,6156,39.42
93,66,6790,43.47
93,67,1531,9.81
93,69,22,0.13
93,71,2474,15.03
93,72,4296,26.08
93,73,501,3.04
93,75,1,0
93,76,3234,14.29
93,77,1348,5.96
93,78,172,0.76
93,82,721,4.63
93,83,24,0.15
93,85,0,0
93,86,670,6.05
93,87,1470,13.25
93,88,3525,31.78
93,89,1282,8.58
93,90,1582,10.59
93,91,1891,12.66
93,94,400,2.19
93,95,541,2.96
93,98,1502,8.23
93,99,2257,10.76
93,104,980,2.65
93,111,919,8.1
93,118,3,0.01
93,7,86,0.33
93,11,796,2.93
93,12,2,0.01
93,20,8,0.06
93,23,284,2.17
93,28,464,1.75
93,42,12,0.05
93,50,1492,6.11
93,53,106,0.43
93,54,886,3.63
93,59,430,2.77
93,61,216,1.39
93,64,3,0.02
93,79,30,0.19
93,81,188,1.21
93,84,447,4.03
93,93,524,3.51
93,96,144,0.79
93,100,600,2.86
93,120,34,0.13
93,123,1053,4.18
93,124,1602,0
94,7,132,0.5
94,10,479,1.77
94,11,61,0.22
94,18,2666,9.43
94,22,33,0.25
94,23,1376,10.52
94,24,0,0
94,25,0,0
94,28,136,0.51
94,29,662,3.15
94,31,392,1.87
94,33,565,2.69
94,34,1922,11.13
94,35,473,2.74
94,37,1700,9.84
94,38,217,1.26
94,41,177,0.77
94,42,207,0.9
94,44,2676,19.85
94,45,4089,30.34
94,46,2998,22.25
94,47,5172,38.36
94,48,2474,18.35
94,49,677,2.77
94,50,280,1.15
94,53,2050,8.38
94,54,6064,24.82
94,55,18,0.07
94,58,666,2.73
94,59,28,0.18
94,61,4816,31.06
94,62,1938,12.5
94,63,1137,7.33
94,64,4422,28.31
94,65,6831,43.73
94,66,574,3.68
94,67,999,6.39
94,68,1273,8.15
94,69,1351,8.21
94,70,694,4.22
94,71,3814,23.16
94,72,2419,14.69
94,74,621,2.74
94,75,2173,9.61
94,76,546,2.41
94,77,601,2.66
94,78,1863,8.24
94,79,930,5.97
94,81,4596,29.48
94,82,555,3.56
94,83,5565,35.69
94,84,491,4.43
94,85,327,2.95
94,86,893,8.04
94,87,36,0.32
94,89,16,0.11
94,91,428,2.87
94,93,187,1.25
94,95,597,3.27
94,96,133,0.73
94,100,1057,5.04
94,104,324,0.87
94,108,21,0.06
94,119,212,0.84
94,120,1215,4.82
94,122,328,1.3
94,123,1039,4.13
94,124,769,0
94,19,29,0.22
94,52,284,1.16
94,60,0,0
94,73,241,1.47
94,80,167,1.07
94,94,616,3.37
94,103,885,4.22
94,118,295,1.28
95,14,710,2.51
95,16,351,1.24
95,23,1867,14.27
95,35,462,2.68
95,37,498,2.88
95,41,139,0.6
95,42,48,0.21
95,43,219,0.95
95,44,396,2.94
95,45,691,5.13
95,46,2168,16.08
95,47,123,0.91
95,48,12,0.09
95,52,340,1.39
95,53,112,0.46
95,54,163,0.67
95,55,1823,7.46
95,60,3700,23.86
95,61,3858,24.88
95,64,2502,16.02
95,65,849,5.43
95,66,2,0.01
95,67,3118,19.96
95,68,513,3.28
95,70,1627,9.88
95,71,4800,29.15
95,73,6176,37.5
95,74,1760,7.78
95,75,7361,32.52
95,76,0,0
95,77,6,0.03
95,78,439,1.94
95,79,1400,8.98
95,80,3314,21.26
95,81,1707,10.95
95,82,342,2.2
95,83,6639,42.59
95,84,714,6.44
95,85,513,4.62
95,86,358,3.23
95,87,17,0.16
95,91,13,0.09
95,100,1455,6.93
95,103,293,1.4
95,108,740,1.99
95,109,1528,13.48
95,117,2159,9.34
95,118,165,0.71
95,120,474,1.88
95,122,505,2
95,123,585,2.32
95,124,14,0
95,4,95,0.36
95,5,681,2.58
95,8,932,3.54
95,9,67,0.25
95,11,1006,3.71
95,18,38,0.13
95,21,34,0.26
95,22,1932,14.76
95,25,7,0.03
95,29,393,1.87
95,30,482,2.3
95,31,371,1.77
95,36,1,0.01
95,49,906,3.71
95,50,615,2.52
95,69,1,0.01
95,92,5,0.03
95,94,473,2.59
95,95,741,4.06
95,101,3,0.01
95,102,473,2.25
95,113,14,0.12
95,116,88,0.38
96,4,0,0
96,5,0,0
96,8,886,3.36
96,9,321,1.18
96,11,7,0.03
96,13,1036,3.82
96,14,1428,5.04
96,21,1800,13.76
96,22,715,5.47
96,23,484,3.7
96,30,66,0.31
96,35,4,0.02
96,37,138,0.8
96,40,3,0.01
96,41,859,3.73
96,43,815,3.54
96,44,512,3.8
96,45,391,2.9
96,46,1698,12.61
96,47,1199,8.9
96,49,902,3.69
96,50,71,0.29
96,52,1702,6.96
96,59,350,2.26
96,60,467,3.01
96,61,46,0.3
96,63,2837,18.3
96,70,4325,26.26
96,74,2279,10.07
96,75,3053,13.49
96,76,105,0.47
96,79,1028,6.59
96,82,1828,11.72
96,83,1026,6.58
96,84,1114,10.05
96,85,693,6.24
96,89,357,2.39
96,95,561,3.07
96,96,15,0.08
96,101,2335,11.13
96,117,1721,7.44
96,118,865,3.74
96,12,421,1.55
96,29,21,0.1
96,51,161,0.66
96,57,1,0
96,62,259,1.67
96,65,431,2.76
96,69,185,1.12
96,78,391,1.73
96,86,11,0.1
96,88,162,1.46
96,92,903,6.05
96,94,691,3.78
96,102,0,0
96,126,523,0
97,9,381,1.88
97,12,107,0.53
97,13,421,2.08
97,20,2307,10.24
97,21,104,0.46
97,22,1025,4.55
97,30,96,0.46
97,31,5,0.02
97,35,12,0.04
97,36,1070,3.81
97,37,851,3.02
97,42,1097,6.49
97,47,2,0
97,49,244,1.29
97,51,382,2
97,57,939,1.27
97,62,79,0.51
97,63,1096,6.99
97,64,2934,17.29
97,65,1171,6.91
97,66,1248,7.36
97,68,363,2.14
97,69,3189,14.5
97,70,770,3.5
97,77,644,3.26
97,78,1258,6.37
97,79,3129,15.92
97,82,469,2.39
97,83,437,2.23
97,84,875,3.75
97,85,308,1.32
97,87,986,4.23
97,88,1373,5.88
97,92,786,3.87
97,93,449,2.21
97,94,859,1.2
97,95,541,0.75
97,101,2221,11.79
97,102,23,0.13
97,103,523,2.78
97,104,1361,3.46
97,110,447,2.28
97,116,1394,7.06
97,117,1898,9.62
97,125,108,0.25
97,126,1830,4.21
97,127,1282,2.95
97,15,1,0.01
97,23,283,1.26
97,25,8,0.05
97,32,7,0.03
97,38,313,1.11
97,43,843,4.99
97,48,419,0.63
97,50,245,1.29
97,71,330,1.5
97,74,1,0.01
97,81,7,0.04
97,86,121,0.52
97,100,2,0.01
97,111,0,0
98,1,113,1.15
98,13,1266,6.25
98,14,1455,7.76
98,15,221,1.18
98,17,880,4.69
98,19,750,3.33
98,32,336,1.61
98,33,109,0.53
98,34,67,0.24
98,35,1305,4.65
98,37,37,0.13
98,38,509,1.81
98,42,3283,19.42
98,43,1074,6.36
98,48,1284,1.95
98,49,3344,17.56
98,50,562,2.95
98,55,409,0.56
98,56,495,0.67
98,60,1081,6.89
98,61,1633,10.41
98,63,17,0.11
98,64,1699,10.02
98,65,237,1.4
98,68,739,4.36
98,70,75,0.34
98,71,893,4.06
98,72,5,0.02
98,74,13,0.07
98,77,1889,9.56
98,78,376,1.9
98,79,50,0.25
98,81,24,0.12
98,82,317,1.62
98,83,3291,16.73
98,84,297,1.28
98,85,76,0.33
98,87,66,0.28
98,90,5,0.02
98,94,0,0
98,95,674,0.94
98,96,524,0.73
98,101,848,4.51
98,109,5,0.03
98,110,841,4.29
98,111,89,0.45
98,112,251,1.28
98,117,408,2.07
98,119,2305,7.01
98,127,653,1.5
98,10,181,0.89
98,11,48,0.24
98,18,305,1.62
98,26,3,0.02
98,27,517,3.35
98,28,346,2.24
98,31,24,0.12
98,36,32,0.11
98,45,4,0.01
98,53,132,0.69
98,66,654,3.86
98,67,1,0.01
98,69,0,0
98,76,396,2
98,86,28,0.12
98,100,72,0.38
98,116,1454,7.37
98,120,1221,3.71
98,121,7,0.02
98,123,25,0.08
99,5,9,0
99,11,198,0.98
99,14,83,0.44
99,17,315,1.68
99,18,2686,14.3
99,20,10,0.04
99,25,296,1.92
99,26,2,0.01
99,27,450,2.92
99,28,1745,11.32
99,33,397,1.9
99,40,87,0.51
99,41,2459,14.55
99,42,2532,14.97
99,43,1162,6.87
99,45,3,0
99,46,1997,3.04
99,54,1107,1.5
99,59,319,2.03
99,60,2877,18.35
99,61,1149,7.33
99,63,2,0.01
99,64,533,3.15
99,65,793,4.67
99,66,13,0.08
99,68,1508,8.89
99,75,1973,9.99
99,76,1283,6.49
99,77,22,0.11
99,78,545,2.77
99,79,2479,12.6
99,80,1738,8.84
99,81,6,0.03
99,83,983,5
99,87,788,3.38
99,88,115,0.49
99,97,9,0.01
99,100,2653,14.09
99,112,850,4.34
99,113,1853,9.45
99,117,935,4.74
99,119,124,0.37
99,120,700,2.13
99,121,1235,3.76
99,126,39,0.09
99,127,542,1.25
99,0,13,0.13
99,22,258,1.14
99,37,382,1.36
99,38,747,2.66
99,39,490,2.9
99,44,18,0.03
99,57,0,0
99,71,2,0.01
99,72,515,2.34
99,82,8,0.04
99,84,243,1.04
99,85,2,0.01
99,90,411,2.02
99,98,0,0
99,99,52,0.28
99,114,218,1.1
99,116,343,1.74
100,14,1643,8.76
100,17,9168,48.85
100,18,4144,22.09
100,21,1174,5.21
100,22,2,0.01
100,27,415,2.69
100,28,742,4.81
100,31,721,3.46
100,32,15,0.07
100,33,676,3.24
100,34,3,0.01
100,35,3,0.01
100,38,485,1.73
100,41,3,0.02
100,42,3109,18.39
100,43,715,4.23
100,44,14,0.02
100,45,870,1.32
100,51,656,3.45
100,52,913,4.79
100,54,12,0.02
100,60,1565,9.98
100,62,10,0.06
100,64,384,2.26
100,65,36,0.21
100,68,110,0.65
100,73,894,4.07
100,75,145,0.74
100,76,981,4.96
100,77,10434,52.81
100,78,4954,25.07
100,79,1686,8.57
100,82,833,4.23
100,83,688,3.5
100,87,750,3.21
100,88,741,3.18
100,89,874,4.31
100,90,723,3.56
100,98,279,0.39
100,99,282,1.5
100,100,1742,9.25
100,106,6,0.02
100,108,873,2.22
100,111,699,3.56
100,112,845,4.31
100,113,627,3.2
100,114,23,0.12
100,115,2342,11.87
100,116,2748,13.93
100,117,7179,36.38
100,118,7965,40.36
100,119,2660,8.08
100,123,80,0.25
100,124,1,0
100,12,12,0.06
100,15,1674,8.92
100,16,60,0.32
100,19,100,0.44
100,25,422,2.74
100,69,492,2.24
100,74,33,0.17
100,101,4,0.02
100,104,603,1.53
100,107,580,1.47
100,109,455,2.32
101,1,1535,15.61
101,8,131,0
101,10,5,0.02
101,17,631,3.36
101,18,3569,19.02
101,24,473,3.06
101,25,79,0.51
101,26,53,0.34
101,36,85,0.3
101,42,50,0.3
101,59,1323,8.44
101,60,1541,9.82
101,65,782,4.62
101,66,892,5.26
101,67,315,1.86
101,72,230,1.05
101,73,0,0
101,74,904,4.58
101,76,3419,17.3
101,77,8914,45.11
101,78,4261,21.57
101,79,327,1.66
101,80,841,4.27
101,81,776,3.94
101,82,402,2.04
101,89,1310,6.45
101,99,131,0.7
101,101,201,1.07
101,107,123,0.31
101,108,390,1
101,110,1,0.01
101,111,369,1.88
101,112,78,0.4
101,113,825,4.21
101,116,1557,7.9
101,117,19966,101.18
101,118,7416,37.58
101,119,1494,4.55
101,120,0,0
101,126,481,1.11
101,0,503,5.11
101,2,0,0
101,9,15,0.07
101,20,72,0.32
101,30,1579,7.57
101,40,1,0.01
101,63,10,0.06
101,68,5,0.03
101,71,78,0.35
101,75,235,1.19
101,90,244,1.2
101,93,274,1.35
101,102,842,4.48
101,103,9,0.05
101,123,12,0.04
102,0,2158,13.79
102,1,3039,19.42
102,2,0,0
102,4,2399,8.29
102,15,361,2.1
102,17,157,0.92
102,18,1606,9.35
102,20,1024,5.94
102,28,513,5.06
102,29,451,1.29
102,30,122,0.35
102,52,944,4.78
102,59,672,2.14
102,64,116,0.76
102,65,1036,6.81
102,71,159,0.43
102,73,477,1.29
102,75,3231,18.62
102,76,647,3.73
102,77,3275,18.87
102,78,1647,9.49
102,79,2292,15.09
102,80,1023,6.74
102,81,889,5.84
102,82,318,2.1
102,92,885,1.13
102,93,1946,2.47
102,100,432,1.46
102,101,916,3.08
102,102,2178,7.34
102,116,656,3.66
102,117,6040,33.71
102,118,8667,48.36
102,121,2,0
102,12,24,0
102,26,0,0
102,27,202,1.99
102,31,901,2.57
102,32,218,0.62
102,38,237,1.11
102,39,499,2.37
102,41,333,1.58
102,42,278,1.32
102,45,88,0.37
102,49,333,1.69
102,67,384,2.52
102,83,0,0
102,111,21,0.04
102,119,60,0.11
103,0,1,0.01
103,4,1536,5.31
103,7,194,0.67
103,14,388,2.25
103,15,814,4.74
103,19,134,0.78
103,20,416,2.41
103,22,72,0.42
103,26,216,2.13
103,27,415,4.09
103,31,188,0.54
103,39,2,0.01
103,41,574,2.72
103,42,71,0.33
103,44,607,2.55
103,45,790,3.32
103,49,344,1.74
103,52,196,0.99
103,57,13,0.02
103,58,0,0
103,59,1147,3.65
103,65,2380,15.63
103,66,2368,15.55
103,68,5,0.04
103,70,6,0.02
103,74,359,2.06
103,75,211,1.22
103,77,917,5.28
103,78,289,1.66
103,79,343,2.26
103,80,150,0.99
103,101,29,0.1
103,113,53,0.09
103,116,1778,9.92
103,117,5302,29.59
103,118,2842,15.86
103,119,1226,2.31
103,120,544,1.02
103,122,1516,2.86
103,126,19,0
103,1,68,0.43
103,3,373,2.38
103,11,8,0
103,13,7,0
103,21,154,0.89
103,28,2,0.02
103,29,0,0
103,43,416,1.97
103,48,85,0.36
103,69,1899,5.13
103,73,6,0.02
103,76,845,4.87
103,91,13,0.02
103,103,936,3.15
103,115,51,0.28
103,121,746,1.4
104,1,1891,12.09
104,4,431,1.49
104,14,4,0.02
104,15,381,2.22
104,19,1299,7.53
104,21,1434,8.33
104,22,1458,8.45
104,27,408,4.02
104,28,209,2.05
104,29,1957,5.6
104,30,1536,4.39
104,40,493,2.33
104,43,841,3.99
104,44,412,1.73
104,48,1212,5.09
104,50,897,4.54
104,60,189,0.6
104,61,172,0.55
104,65,70,0.46
104,66,7,0.04
104,71,54,0.14
104,74,339,1.95
104,75,741,4.27
104,76,54,0.31
104,77,3,0.02
104,85,3,0.02
104,92,259,0.33
104,93,296,0.38
104,103,1110,3.74
104,115,844,4.71
104,116,1376,7.69
104,117,4376,24.42
104,118,208,1.16
104,119,369,0.69
104,122,900,1.69
104,0,1,0.01
104,17,713,4.15
104,20,817,4.74
104,23,172,1
104,35,47,0.22
104,36,563,2.63
104,38,3,0.01
104,39,4,0.02
104,42,965,4.57
104,46,227,0.95
104,47,992,4.16
104,51,21,0.11
104,54,376,0.58
104,55,1334,2.06
104,63,20,0.06
104,64,182,1.2
104,68,454,2.98
104,69,15,0.04
104,78,4,0.02
104,95,274,0.73
104,97,0,0
104,98,0,0
104,102,747,2.52
104,106,104,0.43
104,114,173,0.97
104,121,615,1.16
104,127,3,0
105,1,762,4.88
105,4,79,0.27
105,15,2221,12.92
105,16,989,5.75
105,18,96,0.56
105,19,959,5.57
105,20,736,4.27
105,21,2385,13.84
105,22,1137,6.6
105,23,236,1.37
105,28,183,1.8
105,29,1236,3.53
105,31,8,0.02
105,32,150,0.43
105,33,424,1.21
105,35,316,1.48
105,36,13,0.06
105,40,3,0.01
105,41,925,4.38
105,46,465,1.95
105,47,1080,4.53
105,54,973,1.5
105,55,258,0.4
105,56,887,1.37
105,57,0,0
105,59,779,2.48
105,60,1402,4.46
105,64,1124,7.38
105,65,1488,9.77
105,68,195,1.29
105,69,1220,3.29
105,72,62,0.17
105,74,281,1.62
105,93,436,0.55
105,97,838,2.24
105,98,0,0
105,103,1044,3.52
105,104,1638,6.71
105,105,1124,4.6
105,114,2577,14.38
105,117,2024,11.3
105,119,9,0.02
105,121,2827,5.33
105,122,3811,7.18
105,5,1252,4.33
105,7,13,0.04
105,24,632,6.23
105,25,0,0
105,34,107,0.5
105,42,37,0.18
105,58,2,0
105,66,527,3.46
105,73,209,0.56
105,75,338,1.95
105,111,276,0.49
105,115,208,1.16
105,123,419,0.79
106,5,174,0.6
106,24,1,0.01
106,27,163,1.61
106,33,152,0.44
106,42,390,1.84
106,51,9,0.05
106,54,115,0.17
106,63,8,0.03
106,64,1910,12.55
106,65,2165,14.23
106,66,503,3.31
106,73,1818,4.91
106,78,8,0.05
106,88,2383,19.2
106,96,707,1.89
106,97,418,1.12
106,104,794,3.24
106,111,780,1.38
106,114,255,1.42
106,115,408,2.28
106,117,388,2.16
106,121,317,0.6
106,122,3719,7
106,123,444,0.84
106,127,1,0
106,1,0,0
106,10,180,0
106,11,106,0
106,23,149,0.86
106,40,76,0.36
106,52,20,0.1
106,56,576,0.89
106,58,2,0
106,60,12,0.04
106,74,5,0.03
106,87,593,4.78
106,90,102,0.13
106,94,8,0.02
106,100,290,0.98
106,101,23,0.08
106,102,12,0.04
106,107,4,0.02
107,2,2185,4.93
107,10,1643,6.35
107,11,977,3.78
107,26,18,0.11
107,38,81,0.53
107,40,713,8.14
107,44,21,0.18
107,45,516,4.45
107,46,5343,46.09
107,47,802,6.92
107,49,599,0.38
107,59,1761,11.94
107,60,1118,7.57
107,64,1481,7.16
107,65,576,2.79
107,66,281,1.36
107,73,1151,3.71
107,76,23,0.11
107,79,5,0.01
107,87,24,0.15
107,88,1864,11.26
107,89,1179,8.46
107,90,191,1.37
107,91,1,0.01
107,92,299,2.14
107,93,37,0.27
107,94,1777,9.28
107,95,269,1.41
107,100,2503,7.05
107,101,56,0.16
107,106,1978,7.02
107,111,17,0.07
107,113,883,3.66
107,114,836,3.61
107,116,2306,9.95
107,117,2016,8.69
107,122,45,0.24
107,1,738,1.67
107,21,548,2.8
107,27,35,0.22
107,31,16,0.07
107,34,2,0.01
107,36,1131,7.4
107,37,213,1.39
107,42,948,10.83
107,48,432,3.73
107,50,141,0.09
107,55,0,0
107,56,2,0.01
107,57,313,2.33
107,58,237,1.77
107,107,91,0.32
107,112,28,0.12
108,0,667,1.5
108,1,706,1.59
108,2,102,0.23
108,10,1523,5.88
108,16,1896,3.64
108,21,425,2.17
108,33,1677,7.01
108,35,5,0.03
108,36,2183,14.29
108,37,347,2.27
108,38,99,0.65
108,41,113,1.29
108,42,1668,19.04
108,45,1273,10.98
108,46,2883,24.87
108,47,819,7.07
108,48,1709,14.75
108,49,359,0.23
108,50,2253,1.44
108,55,101,0.75
108,58,501,3.74
108,59,1077,7.3
108,63,290,1.96
108,64,2973,14.37
108,65,3288,15.92
108,66,278,1.34
108,72,793,2.55
108,73,24,0.08
108,84,1174,7.09
108,87,188,1.14
108,88,384,2.31
108,89,2235,16.02
108,93,14,0.1
108,94,375,1.96
108,95,734,3.83
108,100,226,0.64
108,104,635,2.26
108,105,276,0.98
108,106,1996,7.1
108,107,115,0.41
108,109,4,0.02
108,113,55,0.23
108,117,453,1.95
108,4,16,0.04
108,5,253,0.62
108,9,1,0
108,11,772,2.99
108,12,35,0.14
108,15,0,0
108,19,680,3.48
108,20,239,1.22
108,81,620,1.74
108,82,435,1.22
108,118,1322,5.71
108,127,5,0
109,4,973,2.37
109,5,36,0.09
109,12,1879,7.26
109,13,32,0.12
109,16,95,0.18
109,17,883,1.7
109,20,403,2.06
109,21,0,0
109,25,293,1.81
109,33,392,1.63
109,40,76,0.87
109,42,1397,15.95
109,55,257,1.92
109,63,512,3.47
109,64,6,0.03
109,65,1208,5.84
109,81,274,0.77
109,85,367,2.22
109,94,239,1.25
109,95,1444,7.54
109,102,19,0.05
109,107,20,0.07
109,118,152,0.65
109,120,1432,7.76
109,126,396,0.21
109,127,2409,1.31
109,10,10,0.04
109,11,105,0.41
109,26,0,0
109,31,48,0.2
109,36,111,0.73
109,54,13,0.1
109,58,189,1.4
109,72,362,1.16
109,76,707,3.51
109,77,1803,8.96
109,80,1,0
109,87,1027,6.21
109,88,496,2.99
109,89,421,3.02
109,99,19,0.05
109,103,588,1.66
109,105,4,0.01
110,4,1181,2.88
110,5,2,0
110,9,703,2.72
110,10,383,1.48
110,11,410,1.59
110,16,298,0.57
110,17,470,0.9
110,24,882,5.43
110,25,16,0.1
110,32,0,0
110,33,4,0.02
110,35,3451,22.59
110,36,839,5.5
110,41,77,0.88
110,45,8,0.07
110,46,551,4.75
110,47,16,0.14
110,58,236,1.76
110,61,312,2.11
110,63,1068,7.24
110,64,799,3.86
110,67,8,0.04
110,76,3629,18.03
110,77,478,2.38
110,80,3373,9.49
110,82,2073,5.83
110,83,1268,3.56
110,87,3811,23
110,88,2916,17.61
110,89,6405,45.92
110,103,484,1.36
110,116,844,3.65
110,127,67,0.04
110,21,52,0.27
110,28,29,0.18
110,29,1368,5.71
110,34,669,4.38
110,37,15,0.1
110,38,228,1.49
110,56,864,6.44
110,60,639,4.33
110,101,182,0.51
110,110,2153,8.93
110,114,1342,5.79
110,115,1056,4.56
110,117,234,1.01
110,126,177,0.1
111,11,3105,12.01
111,12,58,0.22
111,29,889,3.72
111,30,42,0.18
111,33,350,1.46
111,34,1761,11.53
111,35,8131,53.22
111,36,1150,7.52
111,37,1419,9.29
111,38,1387,9.08
111,51,1884,1.21
111,52,1594,1.03
111,55,2,0.01
111,56,2153,16.05
111,57,1840,13.71
111,58,1875,13.98
111,60,1119,7.58
111,63,497,3.37
111,64,1916,9.27
111,65,454,2.19
111,68,2029,9.81
111,73,156,0.51
111,82,485,1.36
111,86,191,1.15
111,87,1900,11.48
111,88,1889,11.41
111,89,3307,23.71
111,100,12,0.03
111,101,1201,3.39
111,102,405,1.15
111,103,334,0.94
111,109,543,2.25
111,110,173,0.72
111,114,48,0.21
111,117,80,0.35
111,118,1363,5.88
111,28,27,0.17
111,53,968,0.62
111,59,14,0.09
111,61,3,0.02
111,96,1466,7.66
111,97,14,0.08
111,106,130,0.46
111,108,945,3.36
112,9,1461,8.33
112,10,2,0.01
112,27,109,0.45
112,28,2321,9.66
112,31,157,1.2
112,32,491,3.76
112,35,4573,42.39
112,36,474,4.4
112,39,534,2.61
112,47,378,1.71
112,51,2,0.01
112,52,37,0.16
112,54,452,2.48
112,57,1056,5.78
112,58,3458,18.93
112,59,123,0.76
112,62,0,0
112,64,5,0.04
112,73,269,0.97
112,88,3,0.01
112,89,361,1.72
112,90,12,0.06
112,96,2311,8.63
112,97,2094,7.81
112,100,7,0.01
112,102,2330,3.05
112,108,294,1.77
112,110,1890,5.52
112,111,1416,4.13
112,118,2038,5.58
112,125,673,2.18
112,126,0,0
112,1,551,1.42
112,8,354,1.67
112,20,365,0.86
112,26,198,0.82
112,29,439,3.37
112,40,109,0.53
112,42,1402,6.85
112,43,338,1.65
112,65,486,3.48
112,67,4,0.03
112,68,198,1.42
112,86,4,0.01
112,94,29,0.11
112,107,10,0.06
112,109,6,0.02
112,117,313,0.86
112,119,707,4.28
113,1,772,1.99
113,15,829,2.42
113,20,2314,5.48
113,21,236,0.56
113,22,3,0.01
113,28,1161,4.83
113,35,0,0
113,42,368,1.8
113,43,0,0
113,56,929,5.08
113,57,3820,20.91
113,58,176,0.96
113,62,381,2.36
113,63,1120,6.94
113,67,993,7.11
113,68,240,1.72
113,69,608,2.19
113,74,16,0
113,90,288,1.38
113,91,553,2.64
113,92,1112,5.31
113,93,789,3.77
113,96,1529,5.7
113,100,19,0.02
113,103,235,0.31
113,109,233,0.68
113,110,3394,9.92
113,117,1763,4.84
113,119,48,0.29
113,120,74,0.45
113,121,449,2.72
113,123,1018,6.15
113,124,1738,5.62
113,125,628,2.03
113,2,0,0
113,6,129,0.61
113,16,291,0.85
113,26,34,0.14
113,27,21,0.09
113,29,652,5
113,38,567,5.26
113,45,22,0.1
113,65,68,0.49
113,70,1659,5.98
113,76,146,0
113,89,0,0
113,104,1291,7.77
113,107,108,0.65
113,108,0,0
114,1,0,0
114,6,467,2.2
114,16,3751,10.92
114,17,427,1.24
114,28,1369,5.7
114,29,913,7
114,38,2,0.02
114,39,313,1.53
114,53,5,0.02
114,54,543,2.97
114,56,13,0.07
114,57,2815,15.4
114,58,24,0.13
114,62,1297,8.04
114,63,1926,11.94
114,67,2765,19.81
114,68,1347,9.65
114,70,62,0.22
114,89,7,0.03
114,91,15,0.07
114,92,4,0.02
114,96,1082,4.03
114,102,325,0.43
114,103,541,0.71
114,107,882,5.31
114,124,2696,8.72
114,24,124,0.52
114,25,41,0.17
114,42,32,0.16
114,51,141,0.62
114,72,1455,5.25
114,85,960,1.99
114,98,139,0.52
114,106,912,5.49
114,110,3,0.01
115,12,1998,11.4
115,15,694,2.02
115,16,6820,19.85
115,17,598,1.74
115,22,1518,3.59
115,24,1028,4.28
115,25,13,0.05
115,26,27,0.11
115,27,37,0.15
115,35,5,0.05
115,37,1841,17.06
115,40,834,4.08
115,41,95,0.46
115,42,2528,12.34
115,51,1890,8.39
115,52,2815,12.5
115,53,330,1.46
115,56,1659,9.08
115,57,787,4.31
115,58,709,3.88
115,59,990,6.13
115,63,436,2.71
115,72,532,1.92
115,73,0,0
115,78,45,0
115,98,2180,8.14
115,101,1756,2.3
115,106,1157,6.96
115,114,1215,3.33
115,117,880,2.41
115,118,960,2.63
115,119,20,0.12
115,0,6,0.02
115,13,563,3.21
115,23,631,1.49
115,69,1796,6.47
115,96,490,1.83
115,105,125,0.75
115,107,552,3.32
115,110,618,1.8
115,111,180,0.53
115,112,262,0.77
115,113,584,1.71
115,115,330,0.9
115,116,1258,3.45
116,15,139,0.4
116,16,0,0
116,17,531,1.55
116,31,828,6.35
116,33,41,0.32
116,36,5,0.05
116,37,289,2.68
116,44,12,0.06
116,52,863,3.83
116,56,0,0
116,62,1520,9.43
116,63,3010,18.67
116,64,1708,12.24
116,94,2725,10.17
116,95,523,1.95
116,96,567,2.12
116,99,254,0.33
116,101,1396,1.83
116,105,616,3.71
116,106,1646,9.9
116,107,773,4.66
116,108,436,2.62
116,110,284,0.83
116,111,719,2.1
116,112,1460,4.26
116,113,592,1.73
116,114,890,2.44
116,116,264,0.72
116,117,87,0.24
116,118,590,1.61
116,125,412,1.33
116,6,536,2.52
116,9,10,0.06
116,27,0,0
116,28,0,0
116,34,11,0.1
116,45,695,3.14
116,66,684,4.9
116,67,436,3.12
116,82,807,3
116,102,12,0.02
116,126,41,0.13
116,127,1545,5
117,15,22,0.84
117,20,2052,11.84
117,21,529,3.06
117,22,123,0.71
117,27,2008,8.12
117,28,272,1.1
117,31,1774,3.95
117,32,661,1.47
117,44,340,0.77
117,45,2902,6.59
117,46,0,0
117,48,1678,3.81
117,62,1242,6.29
117,63,448,2.27
117,64,283,0.5
117,66,35,0.06
117,82,241,0.76
117,94,670,1.78
117,95,19,0.05
117,96,81,0.21
117,97,736,1.95
117,101,1073,7.86
117,102,2832,20.77
117,107,702,3.46
117,108,1526,7.53
117,117,349,0.3
117,127,45,0.1
117,30,7,0.02
117,39,339,2.35
117,40,10,0.07
117,47,2,0
117,49,0,0
117,60,831,4.21
117,61,613,3.11
117,70,300,0.93
117,71,783,2.42
117,81,16,0.05
117,98,593,1.57
117,109,2,0.01
118,20,975,5.63
118,21,1950,11.25
118,22,500,2.88
118,26,337,1.36
118,27,1407,5.68
118,37,18,0.03
118,38,1975,3.67
118,39,761,5.28
118,40,799,5.54
118,43,130,0.9
118,52,326,4.06
118,60,2115,10.71
118,61,5611,28.42
118,62,791,4.01
118,69,852,2.63
118,70,2529,7.8
118,73,209,0.65
118,74,200,0.76
118,75,10,0.04
118,76,2850,10.8
118,77,492,1.86
118,79,74,0.24
118,98,542,1.43
118,101,3308,24.25
118,102,7045,51.65
118,103,3828,28.06
118,126,8,0.02
118,127,237,0.54
118,0,491,0.68
118,23,18,0.1
118,25,532,2.15
118,41,637,4.42
118,42,15,0.1
118,47,276,0.63
118,48,105,0.24
118,57,220,1.11
118,58,599,3.01
118,59,267,1.35
118,72,14,0.04
118,82,311,0.97
118,104,118,0.58
118,106,29,0.14
118,109,576,2.52
118,110,705,3.09
118,112,47,0.21
118,120,10,0.04
118,122,397,1.48
119,0,114,0.16
119,17,12,0.46
119,18,45,1.71
119,21,876,5.05
119,22,406,2.34
119,23,0,0
119,25,407,1.64
119,26,3,0.01
119,28,79,0.32
119,29,349,0.77
119,41,754,5.23
119,47,804,1.82
119,48,62,0.14
119,53,75,0.94
119,54,3781,19
119,57,558,2.81
119,59,328,1.67
119,60,1284,6.5
119,61,200,1.01
119,69,430,1.33
119,70,4976,15.37
119,77,706,2.67
119,82,56,0.18
119,101,5377,39.42
119,102,1365,10.01
119,103,1601,11.74
119,104,3,0.01
119,105,26,0.13
119,109,885,3.87
119,110,1869,8.17
119,118,11,0.01
119,121,48,0.18
119,122,234,0.87
119,31,1094,2.44
119,36,545,1.01
119,56,515,2.59
119,71,322,0.99
119,73,171,0.53
119,79,665,2.08
119,83,14,0.04
119,107,15,0.07
119,111,226,0.99
119,112,156,0.68
119,119,0,0
119,120,723,2.7
120,24,497,2.01
120,28,3655,14.76
120,29,146,0.33
120,36,128,0.24
120,54,1313,6.6
120,56,385,1.93
120,57,1669,8.38
120,60,1738,8.81
120,70,1908,5.9
120,71,737,2.28
120,73,28,0.09
120,75,119,0.45
120,83,1498,4.69
120,91,102,0.16
120,92,827,1.25
120,103,443,3.25
120,111,2174,9.5
120,112,1205,5.27
120,113,569,2.48
120,119,640,2.39
120,120,49,0.18
120,122,1138,4.25
120,123,1093,4.08
120,10,897,1.81
120,22,265,1.53
120,23,51,0.29
120,27,293,1.18
120,61,595,3.01
120,63,22,0.11
120,67,68,0.12
120,76,26,0.1
120,93,239,0.36
120,106,9,0.04
120,110,109,0.48
120,115,718,0.61
120,118,442,0.38
121,7,208,0.38
121,10,639,1.29
121,11,2,0
121,22,345,1.99
121,27,478,1.93
121,28,1913,7.73
121,38,1625,3.01
121,39,317,2.2
121,55,908,4.56
121,60,0,0
121,61,9,0.05
121,63,2070,10.48
121,70,130,0.4
121,71,121,0.37
121,72,981,3.03
121,76,155,0.59
121,77,202,0.77
121,91,54,0.08
121,92,0,0
121,93,2765,4.17
121,94,26,0.07
121,96,1111,2.94
121,106,0,0
121,113,1310,5.74
121,115,2197,1.88
121,116,977,0.83
121,118,955,0.81
121,120,262,0.98
121,123,1297,4.84
121,0,83,0.12
121,3,23,0.03
121,5,9,0.02
121,6,677,1.26
121,8,184,0.34
121,13,448,0.9
121,20,55,0.32
121,29,5,0.01
121,34,9,0.02
121,37,16,0.03
121,41,109,0.76
121,42,168,1.16
121,46,0,0
121,58,2,0.01
121,64,1922,3.33
121,73,398,1.23
121,74,1052,3.98
121,105,5,0.02
121,117,190,0.16
121,124,869,1.98
122,0,830,2.72
122,6,751,3.92
122,7,547,2.85
122,8,45,0.23
122,9,9,0
122,10,13,0
122,13,281,0
122,21,5,0.02
122,28,292,2.51
122,39,358,1
122,40,21,0.06
122,45,154,0.54
122,46,0,0
122,54,956,4.95
122,55,470,2.43
122,62,1870,2.31
122,63,558,0.69
122,64,534,2.71
122,67,569,2.89
122,68,920,4.67
122,73,109,0.43
122,74,232,1.12
122,75,1399,6.77
122,76,566,2.74
122,84,22,0.08
122,85,527,1.92
122,93,507,0
122,110,42,0.09
122,112,1396,2.88
122,116,1936,8.86
122,120,2501,4.45
122,16,0,0
122,26,14,0.12
122,27,113,0.97
122,44,320,1.11
122,50,2,0.01
122,51,1703,4.53
122,66,11,0.06
122,69,43,0.17
122,77,89,0.43
122,96,112,0.32
122,104,16,0.04
122,111,10,0.02
122,113,26,0.05
122,114,284,1.3
123,16,680,1.75
123,17,1773,4.55
123,18,582,1.5
123,19,1218,4.44
123,20,508,1.86
123,24,411,3.54
123,32,58,0.14
123,39,1094,3.06
123,44,357,1.24
123,45,0,0
123,51,168,0.45
123,54,708,3.66
123,55,75,0.39
123,65,206,1.04
123,66,364,1.84
123,67,1083,5.49
123,68,1385,7.02
123,69,122,0.48
123,72,37,0.15
123,77,1031,4.98
123,82,277,1.74
123,83,385,2.42
123,85,5,0.02
123,88,938,3.41
123,97,1006,2.85
123,109,7,0.01
123,114,1166,5.34
123,15,1131,2.91
123,26,7,0.06
123,33,62,0.15
123,37,6,0.01
123,41,27,0.08
123,53,184,0.49
123,78,4,0.02
123,99,355,1.16
123,105,607,1.37
123,111,58,0.12
123,113,135,0.28
123,118,481,2.2
124,15,196,0.5
124,17,1344,3.45
124,18,171,0.44
124,26,722,6.22
124,28,20,0.17
124,42,3042,8.52
124,43,361,1.01
124,44,1254,4.36
124,55,117,0.61
124,79,4,0.03
124,83,1648,10.36
124,84,2923,10.68
124,99,317,1.03
124,104,908,2.05
124,109,15,0.03
124,115,300,1.38
124,117,809,3.7
124,120,282,0.5
124,125,1824,1
124,14,61,0.16
124,25,288,2.49
124,29,52,0.13
124,32,27,0.06
124,36,399,0.74
124,53,310,0.83
124,71,22,0.09
124,74,38,0.18
124,77,14,0.07
124,78,4,0.02
124,82,568,3.57
124,96,278,0.79
124,98,1266,3.58
124,113,1443,2.97
124,124,56,0.03
125,25,427,3.68
125,36,336,0.62
125,39,3,0.01
125,52,422,1.12
125,53,925,2.46
125,55,181,0.94
125,56,6,0.03
125,68,8,0.04
125,71,557,2.21
125,72,132,0.52
125,75,221,1.07
125,82,67,0.42
125,83,281,1.77
125,98,207,0.59
125,99,4123,13.42
125,108,2956,6.67
125,111,16,0.03
125,113,1351,2.78
125,114,1829,8.38
125,115,841,3.85
125,116,283,1.3
125,117,173,0.79
125,120,662,1.18
125,122,466,0.83
125,123,2246,3.98
125,9,552,0
125,37,1329,2.47
125,42,411,1.15
125,43,19,0.05
125,45,7,0.02
125,51,24,0.06
125,54,362,1.88
125,67,248,1.26
125,73,246,0.98
125,74,313,1.51
125,77,3,0.01
125,78,7,0.03
125,79,104,0.65
125,80,1051,6.61
125,81,882,5.54
125,84,4,0.01
125,97,1,0
125,109,9,0.02
125,124,904,0.49
126,1,802,2.63
126,2,189,0.62
126,9,8,0
126,16,20,0.05
126,27,721,6.22
126,32,1596,3.84
126,33,3048,7.34
126,38,79,0.15
126,39,1597,4.47
126,40,1066,2.99
126,41,929,2.6
126,44,401,1.4
126,45,1561,5.43
126,53,0,0
126,54,21,0.11
126,70,111,0.45
126,74,1084,5.23
126,76,333,1.61
126,79,174,1.09
126,80,1594,10.02
126,81,642,4.04
126,82,300,1.89
126,83,1409,8.86
126,84,18,0.07
126,96,286,0.81
126,97,733,2.07
126,99,2487,8.09
126,100,375,1.22
126,101,1869,6.08
126,108,2890,6.52
126,109,2,0
126,113,1806,3.72
126,114,419,1.92
126,116,214,0.98
126,123,602,1.07
126,124,824,0.45
126,8,0,0
126,11,14,0
126,14,267,0.69
126,19,588,2.15
126,20,148,0.54
126,30,99,0.24
126,31,43,0.1
126,48,544,1.89
126,51,22,0.06
126,69,383,1.52
126,72,1,0
126,75,479,2.32
126,77,177,0.86
126,88,219,0.8
126,89,85,0
126,90,4,0
126,105,1045,2.36
126,127,74,0.04
127,1,1376,5.51
127,2,0,0
127,8,237,0.58
127,13,289,0.39
127,14,0,0
127,30,554,1.74
127,32,4,0.01
127,34,13,0.01
127,40,42,0.12
127,41,178,0.49
127,43,375,1.04
127,44,41,0.24
127,45,123,0.73
127,51,12,0.07
127,77,1064,4.03
127,78,1221,4.62
127,82,3,0.01
127,83,5086,10.36
127,84,135,0.63
127,88,2331,10.95
127,89,1044,7.06
127,90,146,0.99
127,99,966,2.25
127,103,743,1.72
127,106,1877,9.39
127,17,12,0.04
127,27,724,0.86
127,28,187,0.22
127,31,22,0.07
127,33,299,0.94
127,42,809,2.24
127,57,1267,3.6
127,58,1553,4.42
127,66,193,0.52
127,72,131,0.49
127,76,374,1.42
127,85,149,0.7
127,102,1586,3.68
127,105,1,0.01
